  2.000000000000000E-003  2.000000000000000E-003 -0.480992744679541     
  2.000000000000000E-003  0.302332916666667      -0.538271011169581     
  2.000000000000000E-003  0.602665833333333      -0.562915523583384     
  2.000000000000000E-003  0.902998750000000      -0.554810400342264     
  2.000000000000000E-003   1.20333166666667      -0.540820560817476     
  2.000000000000000E-003   1.50366458333333      -0.525509863202656     
  2.000000000000000E-003   1.80399750000000      -0.507941733722354     
  2.000000000000000E-003   2.10433041666667      -0.494073212471532     
  2.000000000000000E-003   2.40466333333333      -0.484655229717305     
  2.000000000000000E-003   2.70499625000000      -0.475338640009945     
  2.000000000000000E-003   3.00532916666667      -0.462380476861200     
  2.000000000000000E-003   3.30566208333333      -0.441765178308350     
  2.000000000000000E-003   3.60599500000000      -0.406902443965831     
  2.000000000000000E-003   3.90632791666667      -0.383239609379822     
  2.000000000000000E-003   4.20666083333333      -0.348081209349846     
  2.000000000000000E-003   4.50699375000000      -0.299347794160144     
  2.000000000000000E-003   4.80732666666667      -0.253149705762198     
  2.000000000000000E-003   5.10765958333333      -0.215990662782165     
  2.000000000000000E-003   5.40799250000000      -0.188074480777184     
  2.000000000000000E-003   5.70832541666667      -0.167802213965472     
  2.000000000000000E-003   6.00865833333333      -0.155465379763085     
  2.000000000000000E-003   6.30899125000000      -0.148618283785414     
  2.000000000000000E-003   6.60932416666667      -0.142332204642323     
  2.000000000000000E-003   6.90965708333333      -0.124489964295655     
  2.000000000000000E-003   7.20999000000000      -0.100111833020615     
  0.302332916666667       2.000000000000000E-003 -0.538333337873787     
  0.302332916666667       0.302332916666667      -0.502303996996421     
  0.302332916666667       0.602665833333333      -0.555554017442808     
  0.302332916666667       0.902998750000000      -0.594606227631429     
  0.302332916666667        1.20333166666667      -0.601134250546979     
  0.302332916666667        1.50366458333333      -0.592149315341075     
  0.302332916666667        1.80399750000000      -0.576760369130487     
  0.302332916666667        2.10433041666667      -0.560140287512828     
  0.302332916666667        2.40466333333333      -0.545754453521555     
  0.302332916666667        2.70499625000000      -0.527312516387382     
  0.302332916666667        3.00532916666667      -0.497931998356052     
  0.302332916666667        3.30566208333333      -0.458072861027569     
  0.302332916666667        3.60599500000000      -0.420440468144820     
  0.302332916666667        3.90632791666667      -0.393093608837347     
  0.302332916666667        4.20666083333333      -0.356449998716130     
  0.302332916666667        4.50699375000000      -0.309801916862131     
  0.302332916666667        4.80732666666667      -0.264766972712380     
  0.302332916666667        5.10765958333333      -0.227651402290368     
  0.302332916666667        5.40799250000000      -0.198704674970365     
  0.302332916666667        5.70832541666667      -0.177220226011477     
  0.302332916666667        6.00865833333333      -0.161656169219611     
  0.302332916666667        6.30899125000000      -0.149740031274483     
  0.302332916666667        6.60932416666667      -0.136377658456507     
  0.302332916666667        6.90965708333333      -0.115991855602092     
  0.302332916666667        7.20999000000000      -9.918228358680754E-002
  0.602665833333333       2.000000000000000E-003 -0.563071422708025     
  0.602665833333333       0.302332916666667      -0.555550292305716     
  0.602665833333333       0.602665833333333      -0.588598031242033     
  0.602665833333333       0.902998750000000      -0.636722634614910     
  0.602665833333333        1.20333166666667      -0.659106131188724     
  0.602665833333333        1.50366458333333      -0.659014653250997     
  0.602665833333333        1.80399750000000      -0.645655193987598     
  0.602665833333333        2.10433041666667      -0.626889625384885     
  0.602665833333333        2.40466333333333      -0.606151946167689     
  0.602665833333333        2.70499625000000      -0.578253295111609     
  0.602665833333333        3.00532916666667      -0.535609765930635     
  0.602665833333333        3.30566208333333      -0.481449438621132     
  0.602665833333333        3.60599500000000      -0.430262826782915     
  0.602665833333333        3.90632791666667      -0.390541143136123     
  0.602665833333333        4.20666083333333      -0.351849400466162     
  0.602665833333333        4.50699375000000      -0.310102982818467     
  0.602665833333333        4.80732666666667      -0.270215690686716     
  0.602665833333333        5.10765958333333      -0.235901756582384     
  0.602665833333333        5.40799250000000      -0.207136825483008     
  0.602665833333333        5.70832541666667      -0.184133271610671     
  0.602665833333333        6.00865833333333      -0.165693942632924     
  0.602665833333333        6.30899125000000      -0.149538850947459     
  0.602665833333333        6.60932416666667      -0.132685954319504     
  0.602665833333333        6.90965708333333      -0.113041475683979     
  0.602665833333333        7.20999000000000      -9.437541926689541E-002
  0.902998750000000       2.000000000000000E-003 -0.554933689176812     
  0.902998750000000       0.302332916666667      -0.594600284618735     
  0.902998750000000       0.602665833333333      -0.636717226186539     
  0.902998750000000       0.902998750000000      -0.683184001283418     
  0.902998750000000        1.20333166666667      -0.709912416110872     
  0.902998750000000        1.50366458333333      -0.716326341177747     
  0.902998750000000        1.80399750000000      -0.705646328718293     
  0.902998750000000        2.10433041666667      -0.688000268264812     
  0.902998750000000        2.40466333333333      -0.661696746840279     
  0.902998750000000        2.70499625000000      -0.623298446464115     
  0.902998750000000        3.00532916666667      -0.572248939673555     
  0.902998750000000        3.30566208333333      -0.510851758411528     
  0.902998750000000        3.60599500000000      -0.449861829714988     
  0.902998750000000        3.90632791666667      -0.397283422978362     
  0.902998750000000        4.20666083333333      -0.351923562906527     
  0.902998750000000        4.50699375000000      -0.311150074372069     
  0.902998750000000        4.80732666666667      -0.274537567031781     
  0.902998750000000        5.10765958333333      -0.242083991069991     
  0.902998750000000        5.40799250000000      -0.213775754850772     
  0.902998750000000        5.70832541666667      -0.189758270548165     
  0.902998750000000        6.00865833333333      -0.169381696680551     
  0.902998750000000        6.30899125000000      -0.151133298664180     
  0.902998750000000        6.60932416666667      -0.132701383016143     
  0.902998750000000        6.90965708333333      -0.113771194802814     
  0.902998750000000        7.20999000000000      -9.298634871195757E-002
   1.20333166666667       2.000000000000000E-003 -0.540951178422583     
   1.20333166666667       0.302332916666667      -0.601129094551368     
   1.20333166666667       0.602665833333333      -0.659106794436179     
   1.20333166666667       0.902998750000000      -0.709912029843977     
   1.20333166666667        1.20333166666667      -0.746071418922177     
   1.20333166666667        1.50366458333333      -0.755948044641098     
   1.20333166666667        1.80399750000000      -0.751091095147761     
   1.20333166666667        2.10433041666667      -0.736317603296634     
   1.20333166666667        2.40466333333333      -0.705350469912137     
   1.20333166666667        2.70499625000000      -0.657582443890595     
   1.20333166666667        3.00532916666667      -0.597512461219564     
   1.20333166666667        3.30566208333333      -0.531500340339463     
   1.20333166666667        3.60599500000000      -0.465944471477027     
   1.20333166666667        3.90632791666667      -0.407091791872293     
   1.20333166666667        4.20666083333333      -0.357306914110680     
   1.20333166666667        4.50699375000000      -0.315303913850425     
   1.20333166666667        4.80732666666667      -0.278960740345152     
   1.20333166666667        5.10765958333333      -0.246990491939436     
   1.20333166666667        5.40799250000000      -0.218762525469839     
   1.20333166666667        5.70832541666667      -0.193996850371280     
   1.20333166666667        6.00865833333333      -0.172300050186809     
   1.20333166666667        6.30899125000000      -0.152263103197637     
   1.20333166666667        6.60932416666667      -0.132934270404722     
   1.20333166666667        6.90965708333333      -0.113324869492660     
   1.20333166666667        7.20999000000000      -9.079306950545182E-002
   1.50366458333333       2.000000000000000E-003 -0.525632044935574     
   1.50366458333333       0.302332916666667      -0.592147764476329     
   1.50366458333333       0.602665833333333      -0.659015745091633     
   1.50366458333333       0.902998750000000      -0.716327581453808     
   1.50366458333333        1.20333166666667      -0.755948505801822     
   1.50366458333333        1.50366458333333      -0.775079458626254     
   1.50366458333333        1.80399750000000      -0.779400391524789     
   1.50366458333333        2.10433041666667      -0.765045503914922     
   1.50366458333333        2.40466333333333      -0.729578470060044     
   1.50366458333333        2.70499625000000      -0.675669345842427     
   1.50366458333333        3.00532916666667      -0.609875131539893     
   1.50366458333333        3.30566208333333      -0.540049563382520     
   1.50366458333333        3.60599500000000      -0.473034087474021     
   1.50366458333333        3.90632791666667      -0.413309618241414     
   1.50366458333333        4.20666083333333      -0.362406802440033     
   1.50366458333333        4.50699375000000      -0.319455695578315     
   1.50366458333333        4.80732666666667      -0.282703990012358     
   1.50366458333333        5.10765958333333      -0.250639240170168     
   1.50366458333333        5.40799250000000      -0.222263606716396     
   1.50366458333333        5.70832541666667      -0.196927524451590     
   1.50366458333333        6.00865833333333      -0.174041452912491     
   1.50366458333333        6.30899125000000      -0.152827063078876     
   1.50366458333333        6.60932416666667      -0.132429618692434     
   1.50366458333333        6.90965708333333      -0.112099295005981     
   1.50366458333333        7.20999000000000      -8.885459767739064E-002
   1.80399750000000       2.000000000000000E-003 -0.507991264013781     
   1.80399750000000       0.302332916666667      -0.576760019156102     
   1.80399750000000       0.602665833333333      -0.645654792074919     
   1.80399750000000       0.902998750000000      -0.705646848860667     
   1.80399750000000        1.20333166666667      -0.751091095683214     
   1.80399750000000        1.50366458333333      -0.779400172560560     
   1.80399750000000        1.80399750000000      -0.786384147389038     
   1.80399750000000        2.10433041666667      -0.769459090933015     
   1.80399750000000        2.40466333333333      -0.729828230552939     
   1.80399750000000        2.70499625000000      -0.672769676744591     
   1.80399750000000        3.00532916666667      -0.605968486010712     
   1.80399750000000        3.30566208333333      -0.537126435761912     
   1.80399750000000        3.60599500000000      -0.472106813754741     
   1.80399750000000        3.90632791666667      -0.414168703225829     
   1.80399750000000        4.20666083333333      -0.364178901233149     
   1.80399750000000        4.50699375000000      -0.321449434900422     
   1.80399750000000        4.80732666666667      -0.284699171018139     
   1.80399750000000        5.10765958333333      -0.252667138670136     
   1.80399750000000        5.40799250000000      -0.224296384280648     
   1.80399750000000        5.70832541666667      -0.198707227759762     
   1.80399750000000        6.00865833333333      -0.175151138134853     
   1.80399750000000        6.30899125000000      -0.152996401548316     
   1.80399750000000        6.60932416666667      -0.131734277804739     
   1.80399750000000        6.90965708333333      -0.110933054893051     
   1.80399750000000        7.20999000000000      -8.988238492034757E-002
   2.10433041666667       2.000000000000000E-003 -0.494077902766669     
   2.10433041666667       0.302332916666667      -0.560140574592506     
   2.10433041666667       0.602665833333333      -0.626889137804968     
   2.10433041666667       0.902998750000000      -0.687999820164409     
   2.10433041666667        1.20333166666667      -0.736316966300232     
   2.10433041666667        1.50366458333333      -0.765044854375994     
   2.10433041666667        1.80399750000000      -0.769458706210604     
   2.10433041666667        2.10433041666667      -0.748719599968378     
   2.10433041666667        2.40466333333333      -0.706440531194203     
   2.10433041666667        2.70499625000000      -0.649506183389573     
   2.10433041666667        3.00532916666667      -0.585775783997302     
   2.10433041666667        3.30566208333333      -0.521893523263581     
   2.10433041666667        3.60599500000000      -0.462153070712126     
   2.10433041666667        3.90632791666667      -0.408516813857587     
   2.10433041666667        4.20666083333333      -0.361319423126011     
   2.10433041666667        4.50699375000000      -0.320107836366167     
   2.10433041666667        4.80732666666667      -0.284173028289209     
   2.10433041666667        5.10765958333333      -0.252693459131914     
   2.10433041666667        5.40799250000000      -0.224731231904812     
   2.10433041666667        5.70832541666667      -0.199307344818405     
   2.10433041666667        6.00865833333333      -0.175580831066655     
   2.10433041666667        6.30899125000000      -0.152994526881454     
   2.10433041666667        6.60932416666667      -0.131266780438555     
   2.10433041666667        6.90965708333333      -0.110270753747328     
   2.10433041666667        7.20999000000000      -8.996704932401819E-002
   2.40466333333333       2.000000000000000E-003 -0.484654833989453     
   2.40466333333333       0.302332916666667      -0.545754015146706     
   2.40466333333333       0.602665833333333      -0.606151167379547     
   2.40466333333333       0.902998750000000      -0.661695778814132     
   2.40466333333333        1.20333166666667      -0.705349415931807     
   2.40466333333333        1.50366458333333      -0.729577502864426     
   2.40466333333333        1.80399750000000      -0.729827545279861     
   2.40466333333333        2.10433041666667      -0.706440216664754     
   2.40466333333333        2.40466333333333      -0.664339087223719     
   2.40466333333333        2.70499625000000      -0.610943477476365     
   2.40466333333333        3.00532916666667      -0.553508507255105     
   2.40466333333333        3.30566208333333      -0.497218456666907     
   2.40466333333333        3.60599500000000      -0.444745647166300     
   2.40466333333333        3.90632791666667      -0.396928725942363     
   2.40466333333333        4.20666083333333      -0.353759425368780     
   2.40466333333333        4.50699375000000      -0.315099614180442     
   2.40466333333333        4.80732666666667      -0.280813303750887     
   2.40466333333333        5.10765958333333      -0.250520718768936     
   2.40466333333333        5.40799250000000      -0.223449020283364     
   2.40466333333333        5.70832541666667      -0.198602952781791     
   2.40466333333333        6.00865833333333      -0.175128727071368     
   2.40466333333333        6.30899125000000      -0.152566117553824     
   2.40466333333333        6.60932416666667      -0.130804819114300     
   2.40466333333333        6.90965708333333      -0.109892838231522     
   2.40466333333333        7.20999000000000      -9.001576591508807E-002
   2.70499625000000       2.000000000000000E-003 -0.475336971102385     
   2.70499625000000       0.302332916666667      -0.527311384545826     
   2.70499625000000       0.602665833333333      -0.578252162621389     
   2.70499625000000       0.902998750000000      -0.623297193282077     
   2.70499625000000        1.20333166666667      -0.657581232169733     
   2.70499625000000        1.50366458333333      -0.675668275224046     
   2.70499625000000        1.80399750000000      -0.672768867384804     
   2.70499625000000        2.10433041666667      -0.649505701849574     
   2.70499625000000        2.40466333333333      -0.610943287046658     
   2.70499625000000        2.70499625000000      -0.564023174269613     
   2.70499625000000        3.00532916666667      -0.514875067516004     
   2.70499625000000        3.30566208333333      -0.467248103370501     
   2.70499625000000        3.60599500000000      -0.422544414592504     
   2.70499625000000        3.90632791666667      -0.380884797587026     
   2.70499625000000        4.20666083333333      -0.342194200475317     
   2.70499625000000        4.50699375000000      -0.306698689951834     
   2.70499625000000        4.80732666666667      -0.274715571619085     
   2.70499625000000        5.10765958333333      -0.246172355452913     
   2.70499625000000        5.40799250000000      -0.220415044252268     
   2.70499625000000        5.70832541666667      -0.196481510708568     
   2.70499625000000        6.00865833333333      -0.173595436380391     
   2.70499625000000        6.30899125000000      -0.151451667205117     
   2.70499625000000        6.60932416666667      -0.130062372772765     
   2.70499625000000        6.90965708333333      -0.109822882599299     
   2.70499625000000        7.20999000000000      -9.107745322987632E-002
   3.00532916666667       2.000000000000000E-003 -0.462377928446602     
   3.00532916666667       0.302332916666667      -0.497930332237319     
   3.00532916666667       0.602665833333333      -0.535608390548378     
   3.00532916666667       0.902998750000000      -0.572247589223259     
   3.00532916666667        1.20333166666667      -0.597511279581016     
   3.00532916666667        1.50366458333333      -0.609874113620899     
   3.00532916666667        1.80399750000000      -0.605967667432147     
   3.00532916666667        2.10433041666667      -0.585775224930812     
   3.00532916666667        2.40466333333333      -0.553508206840886     
   3.00532916666667        2.70499625000000      -0.514874959230123     
   3.00532916666667        3.00532916666667      -0.474647254218757     
   3.00532916666667        3.30566208333333      -0.435429156611213     
   3.00532916666667        3.60599500000000      -0.397880957431604     
   3.00532916666667        3.90632791666667      -0.361879465239455     
   3.00532916666667        4.20666083333333      -0.327549679917644     
   3.00532916666667        4.50699375000000      -0.295472206808404     
   3.00532916666667        4.80732666666667      -0.266219122110356     
   3.00532916666667        5.10765958333333      -0.239826179080237     
   3.00532916666667        5.40799250000000      -0.215675826028014     
   3.00532916666667        5.70832541666667      -0.192875336636231     
   3.00532916666667        6.00865833333333      -0.170817410366332     
   3.00532916666667        6.30899125000000      -0.149362061419346     
   3.00532916666667        6.60932416666667      -0.128656210013551     
   3.00532916666667        6.90965708333333      -0.109574742224346     
   3.00532916666667        7.20999000000000      -9.274759393627822E-002
   3.30566208333333       2.000000000000000E-003 -0.441762533966998     
   3.30566208333333       0.302332916666667      -0.458071129878964     
   3.30566208333333       0.602665833333333      -0.481448180416450     
   3.30566208333333       0.902998750000000      -0.510850689503713     
   3.30566208333333        1.20333166666667      -0.531499391139008     
   3.30566208333333        1.50366458333333      -0.540048675969641     
   3.30566208333333        1.80399750000000      -0.537125632242765     
   3.30566208333333        2.10433041666667      -0.521892889431150     
   3.30566208333333        2.40466333333333      -0.497218050689708     
   3.30566208333333        2.70499625000000      -0.467247911283572     
   3.30566208333333        3.00532916666667      -0.435429103971068     
   3.30566208333333        3.30566208333333      -0.403575382802253     
   3.30566208333333        3.60599500000000      -0.372081230995212     
   3.30566208333333        3.90632791666667      -0.340950161614078     
   3.30566208333333        4.20666083333333      -0.310660035904374     
   3.30566208333333        4.50699375000000      -0.282058926488850     
   3.30566208333333        4.80732666666667      -0.255762372612248     
   3.30566208333333        5.10765958333333      -0.231736355518913     
   3.30566208333333        5.40799250000000      -0.209337058467846     
   3.30566208333333        5.70832541666667      -0.187780830431147     
   3.30566208333333        6.00865833333333      -0.166694614316682     
   3.30566208333333        6.30899125000000      -0.146045979471402     
   3.30566208333333        6.60932416666667      -0.126216200361386     
   3.30566208333333        6.90965708333333      -0.108545264045042     
   3.30566208333333        7.20999000000000      -9.359431344282296E-002
   3.60599500000000       2.000000000000000E-003 -0.406900337217630     
   3.60599500000000       0.302332916666667      -0.420438489472085     
   3.60599500000000       0.602665833333333      -0.430261678733307     
   3.60599500000000       0.902998750000000      -0.449861203266698     
   3.60599500000000        1.20333166666667      -0.465943947286927     
   3.60599500000000        1.50366458333333      -0.473033413347352     
   3.60599500000000        1.80399750000000      -0.472106077509323     
   3.60599500000000        2.10433041666667      -0.462152391454878     
   3.60599500000000        2.40466333333333      -0.444745151254039     
   3.60599500000000        2.70499625000000      -0.422544157762000     
   3.60599500000000        3.00532916666667      -0.397880892000046     
   3.60599500000000        3.30566208333333      -0.372081248963285     
   3.60599500000000        3.60599500000000      -0.345586917061800     
   3.60599500000000        3.90632791666667      -0.318708512466083     
   3.60599500000000        4.20666083333333      -0.292236380552194     
   3.60599500000000        4.50699375000000      -0.267111253627486     
   3.60599500000000        4.80732666666667      -0.243827525349221     
   3.60599500000000        5.10765958333333      -0.222197980871201     
   3.60599500000000        5.40799250000000      -0.201558494853834     
   3.60599500000000        5.70832541666667      -0.181285871018811     
   3.60599500000000        6.00865833333333      -0.161266210583166     
   3.60599500000000        6.30899125000000      -0.141607275769762     
   3.60599500000000        6.60932416666667      -0.122947862518158     
   3.60599500000000        6.90965708333333      -0.107378957744758     
   3.60599500000000        7.20999000000000      -9.523359351330164E-002
   3.90632791666667       2.000000000000000E-003 -0.383235514475421     
   3.90632791666667       0.302332916666667      -0.393090292416312     
   3.90632791666667       0.602665833333333      -0.390539496299856     
   3.90632791666667       0.902998750000000      -0.397282976614614     
   3.90632791666667        1.20333166666667      -0.407091683338211     
   3.90632791666667        1.50366458333333      -0.413309354444265     
   3.90632791666667        1.80399750000000      -0.414168269410403     
   3.90632791666667        2.10433041666667      -0.408516291205727     
   3.90632791666667        2.40466333333333      -0.396928291826610     
   3.90632791666667        2.70499625000000      -0.380884587346804     
   3.90632791666667        3.00532916666667      -0.361879477394171     
   3.90632791666667        3.30566208333333      -0.340950281910250     
   3.90632791666667        3.60599500000000      -0.318708612303253     
   3.90632791666667        3.90632791666667      -0.295767526502848     
   3.90632791666667        4.20666083333333      -0.273022560553497     
   3.90632791666667        4.50699375000000      -0.251301383201935     
   3.90632791666667        4.80732666666667      -0.230903660331229     
   3.90632791666667        5.10765958333333      -0.211522925960422     
   3.90632791666667        5.40799250000000      -0.192554024288699     
   3.90632791666667        5.70832541666667      -0.173586302980579     
   3.90632791666667        6.00865833333333      -0.154752081227658     
   3.90632791666667        6.30899125000000      -0.136337333673046     
   3.90632791666667        6.60932416666667      -0.118946408275748     
   3.90632791666667        6.90965708333333      -0.104046241745528     
   3.90632791666667        7.20999000000000      -9.160900730407988E-002
   4.20666083333333       2.000000000000000E-003 -0.348074866981964     
   4.20666083333333       0.302332916666667      -0.356444894390081     
   4.20666083333333       0.602665833333333      -0.351846748041090     
   4.20666083333333       0.902998750000000      -0.351923004288639     
   4.20666083333333        1.20333166666667      -0.357307294900741     
   4.20666083333333        1.50366458333333      -0.362407340011088     
   4.20666083333333        1.80399750000000      -0.364179195714103     
   4.20666083333333        2.10433041666667      -0.361319423093299     
   4.20666083333333        2.40466333333333      -0.353759338854386     
   4.20666083333333        2.70499625000000      -0.342194258207879     
   4.20666083333333        3.00532916666667      -0.327549949406242     
   4.20666083333333        3.30566208333333      -0.310660408440684     
   4.20666083333333        3.60599500000000      -0.292236695665729     
   4.20666083333333        3.90632791666667      -0.273022727297997     
   4.20666083333333        4.20666083333333      -0.253823343224258     
   4.20666083333333        4.50699375000000      -0.235241483522880     
   4.20666083333333        4.80732666666667      -0.217406597377924     
   4.20666083333333        5.10765958333333      -0.200000732414287     
   4.20666083333333        5.40799250000000      -0.182579379625669     
   4.20666083333333        5.70832541666667      -0.164971095337271     
   4.20666083333333        6.00865833333333      -0.147477530374679     
   4.20666083333333        6.30899125000000      -0.130586808183194     
   4.20666083333333        6.60932416666667      -0.114687395946780     
   4.20666083333333        6.90965708333333      -0.100681610071306     
   4.20666083333333        7.20999000000000      -8.902942745660695E-002
   4.50699375000000       2.000000000000000E-003 -0.299339370714549     
   4.50699375000000       0.302332916666667      -0.309795264051168     
   4.50699375000000       0.602665833333333      -0.310099551129159     
   4.50699375000000       0.902998750000000      -0.311149679569697     
   4.50699375000000        1.20333166666667      -0.315305260597868     
   4.50699375000000        1.50366458333333      -0.319457473927718     
   4.50699375000000        1.80399750000000      -0.321450809330765     
   4.50699375000000        2.10433041666667      -0.320108611831160     
   4.50699375000000        2.40466333333333      -0.315100063048556     
   4.50699375000000        2.70499625000000      -0.306699184081895     
   4.50699375000000        3.00532916666667      -0.295472916422362     
   4.50699375000000        3.30566208333333      -0.282059753974589     
   4.50699375000000        3.60599500000000      -0.267111980601736     
   4.50699375000000        3.90632791666667      -0.251301861505829     
   4.50699375000000        4.20666083333333      -0.235241704153559     
   4.50699375000000        4.50699375000000      -0.219323835818342     
   4.50699375000000        4.80732666666667      -0.203603277553449     
   4.50699375000000        5.10765958333333      -0.187870361977300     
   4.50699375000000        5.40799250000000      -0.171910880776896     
   4.50699375000000        5.70832541666667      -0.155773879731187     
   4.50699375000000        6.00865833333333      -0.139844706033020     
   4.50699375000000        6.30899125000000      -0.124637859891611     
   4.50699375000000        6.60932416666667      -0.110463337193621     
   4.50699375000000        6.90965708333333      -9.776305797182339E-002
   4.50699375000000        7.20999000000000      -8.681695705886246E-002
   4.80732666666667       2.000000000000000E-003 -0.253140683447507     
   4.80732666666667       0.302332916666667      -0.264760036526373     
   4.80732666666667       0.602665833333333      -0.270212456128904     
   4.80732666666667       0.902998750000000      -0.274538018029915     
   4.80732666666667        1.20333166666667      -0.278963472988753     
   4.80732666666667        1.50366458333333      -0.282707110039899     
   4.80732666666667        1.80399750000000      -0.284701463590813     
   4.80732666666667        2.10433041666667      -0.284174289615778     
   4.80732666666667        2.40466333333333      -0.280814005547551     
   4.80732666666667        2.70499625000000      -0.274716323045551     
   4.80732666666667        3.00532916666667      -0.266220244459934     
   4.80732666666667        3.30566208333333      -0.255763780456852     
   4.80732666666667        3.60599500000000      -0.243828896391909     
   4.80732666666667        3.90632791666667      -0.230904707995096     
   4.80732666666667        4.20666083333333      -0.217407232262339     
   4.80732666666667        4.50699375000000      -0.203603568638941     
   4.80732666666667        4.80732666666667      -0.189581015238290     
   4.80732666666667        5.10765958333333      -0.175313667141221     
   4.80732666666667        5.40799250000000      -0.160821618825793     
   4.80732666666667        5.70832541666667      -0.146305497915235     
   4.80732666666667        6.00865833333333      -0.132140801509233     
   4.80732666666667        6.30899125000000      -0.118721569773352     
   4.80732666666667        6.60932416666667      -0.106282099409636     
   4.80732666666667        6.90965708333333      -9.490531189757001E-002
   4.80732666666667        7.20999000000000      -8.467952701203689E-002
   5.10765958333333       2.000000000000000E-003 -0.215985064066184     
   5.10765958333333       0.302332916666667      -0.227645532616819     
   5.10765958333333       0.602665833333333      -0.235899055539490     
   5.10765958333333       0.902998750000000      -0.242085581065300     
   5.10765958333333        1.20333166666667      -0.246994832258116     
   5.10765958333333        1.50366458333333      -0.250643223534433     
   5.10765958333333        1.80399750000000      -0.252669371093063     
   5.10765958333333        2.10433041666667      -0.252694107723697     
   5.10765958333333        2.40466333333333      -0.250520702372109     
   5.10765958333333        2.70499625000000      -0.246172640858158     
   5.10765958333333        3.00532916666667      -0.239827287405135     
   5.10765958333333        3.30566208333333      -0.231738212755134     
   5.10765958333333        3.60599500000000      -0.222200115540431     
   5.10765958333333        3.90632791666667      -0.211524820654829     
   5.10765958333333        4.20666083333333      -0.200002099335110     
   5.10765958333333        4.50699375000000      -0.187871194122752     
   5.10765958333333        4.80732666666667      -0.175314080204805     
   5.10765958333333        5.10765958333333      -0.162484267477554     
   5.10765958333333        5.40799250000000      -0.149566189226297     
   5.10765958333333        5.70832541666667      -0.136810876821634     
   5.10765958333333        6.00865833333333      -0.124502284004343     
   5.10765958333333        6.30899125000000      -0.112870008887758     
   5.10765958333333        6.60932416666667      -0.102018703176001     
   5.10765958333333        6.90965708333333      -9.194128459656990E-002
   5.10765958333333        7.20999000000000      -8.259153588380563E-002
   5.40799250000000       2.000000000000000E-003 -0.188148519813900     
   5.40799250000000       0.302332916666667      -0.198699206149620     
   5.40799250000000       0.602665833333333      -0.207135702251824     
   5.40799250000000       0.902998750000000      -0.213781684397639     
   5.40799250000000        1.20333166666667      -0.218769696654084     
   5.40799250000000        1.50366458333333      -0.222267459607253     
   5.40799250000000        1.80399750000000      -0.224296794884708     
   5.40799250000000        2.10433041666667      -0.224729554198440     
   5.40799250000000        2.40466333333333      -0.223446864831713     
   5.40799250000000        2.70499625000000      -0.220413769707626     
   5.40799250000000        3.00532916666667      -0.215676148942279     
   5.40799250000000        3.30566208333333      -0.209338908599988     
   5.40799250000000        3.60599500000000      -0.201561258426267     
   5.40799250000000        3.90632791666667      -0.192556890183670     
   5.40799250000000        4.20666083333333      -0.182581763723917     
   5.40799250000000        4.50699375000000      -0.171912591229910     
   5.40799250000000        4.80732666666667      -0.160822754134487     
   5.40799250000000        5.10765958333333      -0.149566875750314     
   5.40799250000000        5.40799250000000      -0.138377017890967     
   5.40799250000000        5.70832541666667      -0.127455750771325     
   5.40799250000000        6.00865833333333      -0.116959049443024     
   5.40799250000000        6.30899125000000      -0.106985051133787     
   5.40799250000000        6.60932416666667      -9.758039746379511E-002
   5.40799250000000        6.90965708333333      -8.870119865606256E-002
   5.40799250000000        7.20999000000000      -8.045581595616449E-002
   5.70832541666667       2.000000000000000E-003 -0.168814402624918     
   5.70832541666667       0.302332916666667      -0.177205121083793     
   5.70832541666667       0.602665833333333      -0.184130589398822     
   5.70832541666667       0.902998750000000      -0.189772201121873     
   5.70832541666667        1.20333166666667      -0.194007891341939     
   5.70832541666667        1.50366458333333      -0.196929349204598     
   5.70832541666667        1.80399750000000      -0.198703455004068     
   5.70832541666667        2.10433041666667      -0.199301732709239     
   5.70832541666667        2.40466333333333      -0.198597566162870     
   5.70832541666667        2.70499625000000      -0.196477818509255     
   5.70832541666667        3.00532916666667      -0.192874179799692     
   5.70832541666667        3.30566208333333      -0.187782008918634     
   5.70832541666667        3.60599500000000      -0.181289026037639     
   5.70832541666667        3.90632791666667      -0.173590018272413     
   5.70832541666667        4.20666083333333      -0.164974581076229     
   5.70832541666667        4.50699375000000      -0.155776721210661     
   5.70832541666667        4.80732666666667      -0.146307701574654     
   5.70832541666667        5.10765958333333      -0.136812804446041     
   5.70832541666667        5.40799250000000      -0.127457385441310     
   5.70832541666667        5.70832541666667      -0.118331146276963     
   5.70832541666667        6.00865833333333      -0.109473990364135     
   5.70832541666667        6.30899125000000      -0.101005907240217     
   5.70832541666667        6.60932416666667      -9.291305543994176E-002
   5.70832541666667        6.90965708333333      -8.510408881104085E-002
   5.70832541666667        7.20999000000000      -7.783687535672908E-002
   6.00865833333333       2.000000000000000E-003 -0.156824719141346     
   6.00865833333333       0.302332916666667      -0.161622855662777     
   6.00865833333333       0.602665833333333      -0.165701116463230     
   6.00865833333333       0.902998750000000      -0.169392165109392     
   6.00865833333333        1.20333166666667      -0.172276917218932     
   6.00865833333333        1.50366458333333      -0.174033226893749     
   6.00865833333333        1.80399750000000      -0.175140658770279     
   6.00865833333333        2.10433041666667      -0.175570956425488     
   6.00865833333333        2.40466333333333      -0.175120434084013     
   6.00865833333333        2.70499625000000      -0.173589425660863     
   6.00865833333333        3.00532916666667      -0.170814581545782     
   6.00865833333333        3.30566208333333      -0.166693123541529     
   6.00865833333333        3.60599500000000      -0.161287265837578     
   6.00865833333333        3.90632791666667      -0.154756383866899     
   6.00865833333333        4.20666083333333      -0.147482386456475     
   6.00865833333333        4.50699375000000      -0.139848743180606     
   6.00865833333333        4.80732666666667      -0.132144172807527     
   6.00865833333333        5.10765958333333      -0.124506034435825     
   6.00865833333333        5.40799250000000      -0.116964041158224     
   6.00865833333333        5.70832541666667      -0.109478951920401     
   6.00865833333333        6.00865833333333      -0.102153165306278     
   6.00865833333333        6.30899125000000      -9.498184882496748E-002
   6.00865833333333        6.60932416666667      -8.796173373317104E-002
   6.00865833333333        6.90965708333333      -8.096690540467029E-002
   6.00865833333333        7.20999000000000      -7.398976920533172E-002
   6.30899125000000       2.000000000000000E-003 -0.149716346432575     
   6.30899125000000       0.302332916666667      -0.149701676496251     
   6.30899125000000       0.602665833333333      -0.149554737073601     
   6.30899125000000       0.902998750000000      -0.150993894511332     
   6.30899125000000        1.20333166666667      -0.152253358166808     
   6.30899125000000        1.50366458333333      -0.152810438212691     
   6.30899125000000        1.80399750000000      -0.152979412804020     
   6.30899125000000        2.10433041666667      -0.152982931169874     
   6.30899125000000        2.40466333333333      -0.152557586198715     
   6.30899125000000        2.70499625000000      -0.151450006240859     
   6.30899125000000        3.00532916666667      -0.149355273718537     
   6.30899125000000        3.30566208333333      -0.146043558726914     
   6.30899125000000        3.60599500000000      -0.141628675385222     
   6.30899125000000        3.90632791666667      -0.136341721493510     
   6.30899125000000        4.20666083333333      -0.130594783021740     
   6.30899125000000        4.50699375000000      -0.124634180061941     
   6.30899125000000        4.80732666666667      -0.118725641870154     
   6.30899125000000        5.10765958333333      -0.112875504461533     
   6.30899125000000        5.40799250000000      -0.106995371038584     
   6.30899125000000        5.70832541666667      -0.101017315196866     
   6.30899125000000        6.00865833333333      -9.498633908428276E-002
   6.30899125000000        6.30899125000000      -8.897049417939540E-002
   6.30899125000000        6.60932416666667      -8.288003996445294E-002
   6.30899125000000        6.90965708333333      -7.635245555354292E-002
   6.30899125000000        7.20999000000000      -6.953985968910091E-002
   6.60932416666667       2.000000000000000E-003 -0.143557400222710     
   6.60932416666667       0.302332916666667      -0.136387957452396     
   6.60932416666667       0.602665833333333      -0.132266365779675     
   6.60932416666667       0.902998750000000      -0.132700820129060     
   6.60932416666667        1.20333166666667      -0.132928556733424     
   6.60932416666667        1.50366458333333      -0.132411032801339     
   6.60932416666667        1.80399750000000      -0.131718964896051     
   6.60932416666667        2.10433041666667      -0.131260710309335     
   6.60932416666667        2.40466333333333      -0.130800999733048     
   6.60932416666667        2.70499625000000      -0.130058561645563     
   6.60932416666667        3.00532916666667      -0.128679194139062     
   6.60932416666667        3.30566208333333      -0.126214118197819     
   6.60932416666667        3.60599500000000      -0.122955665236121     
   6.60932416666667        3.90632791666667      -0.118951359957873     
   6.60932416666667        4.20666083333333      -0.114663070989424     
   6.60932416666667        4.50699375000000      -0.110470051803112     
   6.60932416666667        4.80732666666667      -0.106285077072123     
   6.60932416666667        5.10765958333333      -0.102023505583750     
   6.60932416666667        5.40799250000000      -9.759385382663177E-002
   6.60932416666667        5.70832541666667      -9.292653599564700E-002
   6.60932416666667        6.00865833333333      -8.796798169146403E-002
   6.60932416666667        6.30899125000000      -8.287238886878341E-002
   6.60932416666667        6.60932416666667      -7.789751238876474E-002
   6.60932416666667        6.90965708333333      -7.190471760806108E-002
   6.60932416666667        7.20999000000000      -6.463804223224419E-002
   6.90965708333333       2.000000000000000E-003 -0.125011634393690     
   6.90965708333333       0.302332916666667      -0.115795592357939     
   6.90965708333333       0.602665833333333      -0.113045150567659     
   6.90965708333333       0.902998750000000      -0.113723308223982     
   6.90965708333333        1.20333166666667      -0.113282830144870     
   6.90965708333333        1.50366458333333      -0.112089395847057     
   6.90965708333333        1.80399750000000      -0.110947915891212     
   6.90965708333333        2.10433041666667      -0.110285084616939     
   6.90965708333333        2.40466333333333      -0.109900966559242     
   6.90965708333333        2.70499625000000      -0.109827646974271     
   6.90965708333333        3.00532916666667      -0.109576354512066     
   6.90965708333333        3.30566208333333      -0.108555665867577     
   6.90965708333333        3.60599500000000      -0.107382490034767     
   6.90965708333333        3.90632791666667      -0.104035092047453     
   6.90965708333333        4.20666083333333      -0.100685073021977     
   6.90965708333333        4.50699375000000      -9.776458896444082E-002
   6.90965708333333        4.80732666666667      -9.490521266163844E-002
   6.90965708333333        5.10765958333333      -9.193719804280349E-002
   6.90965708333333        5.40799250000000      -8.870061525702852E-002
   6.90965708333333        5.70832541666667      -8.510718466145456E-002
   6.90965708333333        6.00865833333333      -8.096394125049097E-002
   6.90965708333333        6.30899125000000      -7.634261530886635E-002
   6.90965708333333        6.60932416666667      -7.189745810335955E-002
   6.90965708333333        6.90965708333333      -6.815386526104444E-002
   6.90965708333333        7.20999000000000      -6.212779456819943E-002
   7.20999000000000       2.000000000000000E-003 -0.100111143693914     
   7.20999000000000       0.302332916666667      -9.968476446962656E-002
   7.20999000000000       0.602665833333333      -9.566971993121477E-002
   7.20999000000000       0.902998750000000      -9.432543180344415E-002
   7.20999000000000        1.20333166666667      -9.302726036154543E-002
   7.20999000000000        1.50366458333333      -9.160371069298902E-002
   7.20999000000000        1.80399750000000      -9.044144078902447E-002
   7.20999000000000        2.10433041666667      -9.001861159557455E-002
   7.20999000000000        2.40466333333333      -9.002252398239081E-002
   7.20999000000000        2.70499625000000      -9.108511671034107E-002
   7.20999000000000        3.00532916666667      -9.275488592349665E-002
   7.20999000000000        3.30566208333333      -9.359720676798487E-002
   7.20999000000000        3.60599500000000      -9.523411311496041E-002
   7.20999000000000        3.90632791666667      -9.160933867599115E-002
   7.20999000000000        4.20666083333333      -8.903116346250972E-002
   7.20999000000000        4.50699375000000      -8.681950622910357E-002
   7.20999000000000        4.80732666666667      -8.467412688445874E-002
   7.20999000000000        5.10765958333333      -8.256311939381973E-002
   7.20999000000000        5.40799250000000      -8.019778000332514E-002
   7.20999000000000        5.70832541666667      -7.737197045617392E-002
   7.20999000000000        6.00865833333333      -7.401085023873102E-002
   7.20999000000000        6.30899125000000      -6.977182828693375E-002
   7.20999000000000        6.60932416666667      -6.500158721632376E-002
   7.20999000000000        6.90965708333333      -6.223986069880658E-002
   7.20999000000000        7.20999000000000      -6.036974659981408E-002
