  2.000000000000000E-003  2.000000000000000E-003 -0.798411575751082     
  2.000000000000000E-003  0.302332916666667      -0.807465352795234     
  2.000000000000000E-003  0.602665833333333      -0.732397221128529     
  2.000000000000000E-003  0.902998750000000      -0.619376547967010     
  2.000000000000000E-003   1.20333166666667      -0.524698177213923     
  2.000000000000000E-003   1.50366458333333      -0.452592557147246     
  2.000000000000000E-003   1.80399750000000      -0.397230149786693     
  2.000000000000000E-003   2.10433041666667      -0.353622420373231     
  2.000000000000000E-003   2.40466333333333      -0.319600245303356     
  2.000000000000000E-003   2.70499625000000      -0.293342784979145     
  2.000000000000000E-003   3.00532916666667      -0.270993607372814     
  2.000000000000000E-003   3.30566208333333      -0.246384518277585     
  2.000000000000000E-003   3.60599500000000      -0.220888128834580     
  2.000000000000000E-003   3.90632791666667      -0.196670275918974     
  2.000000000000000E-003   4.20666083333333      -0.172911564727500     
  2.000000000000000E-003   4.50699375000000      -0.149169150913288     
  2.000000000000000E-003   4.80732666666667      -0.127067505465554     
  2.000000000000000E-003   5.10765958333333      -0.107191182360364     
  2.000000000000000E-003   5.40799250000000      -8.906446899959189E-002
  2.000000000000000E-003   5.70832541666667      -7.212710370260171E-002
  2.000000000000000E-003   6.00865833333333      -5.500616713585368E-002
  2.000000000000000E-003   6.30899125000000      -3.652998245291336E-002
  2.000000000000000E-003   6.60932416666667      -1.721488752983115E-002
  2.000000000000000E-003   6.90965708333333      -3.973159857151905E-003
  2.000000000000000E-003   7.20999000000000       5.261970821424436E-004
  0.302332916666667       2.000000000000000E-003 -0.959531390309234     
  0.302332916666667       0.302332916666667      -0.820944087625293     
  0.302332916666667       0.602665833333333      -0.743320636764399     
  0.302332916666667       0.902998750000000      -0.658951947005054     
  0.302332916666667        1.20333166666667      -0.570668177190243     
  0.302332916666667        1.50366458333333      -0.494588049208899     
  0.302332916666667        1.80399750000000      -0.432608030315918     
  0.302332916666667        2.10433041666667      -0.382481975956475     
  0.302332916666667        2.40466333333333      -0.342799376648214     
  0.302332916666667        2.70499625000000      -0.311290936614098     
  0.302332916666667        3.00532916666667      -0.283685131375114     
  0.302332916666667        3.30566208333333      -0.254700745169318     
  0.302332916666667        3.60599500000000      -0.224813669216813     
  0.302332916666667        3.90632791666667      -0.199277201793747     
  0.302332916666667        4.20666083333333      -0.175344252272057     
  0.302332916666667        4.50699375000000      -0.151700975196465     
  0.302332916666667        4.80732666666667      -0.129186472339841     
  0.302332916666667        5.10765958333333      -0.108453512419293     
  0.302332916666667        5.40799250000000      -8.931384027564535E-002
  0.302332916666667        5.70832541666667      -7.108887634557182E-002
  0.302332916666667        6.00865833333333      -5.297964480332433E-002
  0.302332916666667        6.30899125000000      -3.506525940722699E-002
  0.302332916666667        6.60932416666667      -1.928638063471451E-002
  0.302332916666667        6.90965708333333      -6.017099205665851E-003
  0.302332916666667        7.20999000000000       2.049986613012393E-002
  0.602665833333333       2.000000000000000E-003  -1.04031538908493     
  0.602665833333333       0.302332916666667      -0.929753787029778     
  0.602665833333333       0.602665833333333      -0.796807777292783     
  0.602665833333333       0.902998750000000      -0.698782465038736     
  0.602665833333333        1.20333166666667      -0.608841326501233     
  0.602665833333333        1.50366458333333      -0.529009535431767     
  0.602665833333333        1.80399750000000      -0.461858967360498     
  0.602665833333333        2.10433041666667      -0.406738824265160     
  0.602665833333333        2.40466333333333      -0.362072824043190     
  0.602665833333333        2.70499625000000      -0.325144521751209     
  0.602665833333333        3.00532916666667      -0.292204484265156     
  0.602665833333333        3.30566208333333      -0.259622196832011     
  0.602665833333333        3.60599500000000      -0.227750237833949     
  0.602665833333333        3.90632791666667      -0.199863063434037     
  0.602665833333333        4.20666083333333      -0.175263165236756     
  0.602665833333333        4.50699375000000      -0.152125751817946     
  0.602665833333333        4.80732666666667      -0.130019010486653     
  0.602665833333333        5.10765958333333      -0.109202013259185     
  0.602665833333333        5.40799250000000      -8.931808366617848E-002
  0.602665833333333        5.70832541666667      -7.004715713606124E-002
  0.602665833333333        6.00865833333333      -5.097649896974000E-002
  0.602665833333333        6.30899125000000      -3.222863349973310E-002
  0.602665833333333        6.60932416666667      -1.427802155810249E-002
  0.602665833333333        6.90965708333333       8.951983546878426E-003
  0.602665833333333        7.20999000000000       3.251726044721662E-002
  0.902998750000000       2.000000000000000E-003  -1.08463634311283     
  0.902998750000000       0.302332916666667       -1.00707423140912     
  0.902998750000000       0.602665833333333      -0.874349026147213     
  0.902998750000000       0.902998750000000      -0.751412202921593     
  0.902998750000000        1.20333166666667      -0.645427453170311     
  0.902998750000000        1.50366458333333      -0.556871591770790     
  0.902998750000000        1.80399750000000      -0.484185499156942     
  0.902998750000000        2.10433041666667      -0.425353342761029     
  0.902998750000000        2.40466333333333      -0.376686099469312     
  0.902998750000000        2.70499625000000      -0.335143393683709     
  0.902998750000000        3.00532916666667      -0.298206319530580     
  0.902998750000000        3.30566208333333      -0.263360021770655     
  0.902998750000000        3.60599500000000      -0.230566899133931     
  0.902998750000000        3.90632791666667      -0.201322013654679     
  0.902998750000000        4.20666083333333      -0.175718999010577     
  0.902998750000000        4.50699375000000      -0.152546670980168     
  0.902998750000000        4.80732666666667      -0.130694626493685     
  0.902998750000000        5.10765958333333      -0.109767885713300     
  0.902998750000000        5.40799250000000      -8.936434115263982E-002
  0.902998750000000        5.70832541666667      -6.903998803097569E-002
  0.902998750000000        6.00865833333333      -4.829528636077329E-002
  0.902998750000000        6.30899125000000      -2.608100979549196E-002
  0.902998750000000        6.60932416666667      -3.765328379344254E-003
  0.902998750000000        6.90965708333333       2.040283636892649E-002
  0.902998750000000        7.20999000000000       4.479058618924178E-002
   1.20333166666667       2.000000000000000E-003  -1.10499404923205     
   1.20333166666667       0.302332916666667       -1.02817527726691     
   1.20333166666667       0.602665833333333      -0.915692541692066     
   1.20333166666667       0.902998750000000      -0.788548157185617     
   1.20333166666667        1.20333166666667      -0.673799466758452     
   1.20333166666667        1.50366458333333      -0.576958385694144     
   1.20333166666667        1.80399750000000      -0.499886996596591     
   1.20333166666667        2.10433041666667      -0.437923676074386     
   1.20333166666667        2.40466333333333      -0.386147751399142     
   1.20333166666667        2.70499625000000      -0.341454928053120     
   1.20333166666667        3.00532916666667      -0.301790708287531     
   1.20333166666667        3.30566208333333      -0.265725820845260     
   1.20333166666667        3.60599500000000      -0.232692417363287     
   1.20333166666667        3.90632791666667      -0.203141399123048     
   1.20333166666667        4.20666083333333      -0.177091276624761     
   1.20333166666667        4.50699375000000      -0.153542439500241     
   1.20333166666667        4.80732666666667      -0.131509808260727     
   1.20333166666667        5.10765958333333      -0.110318444333333     
   1.20333166666667        5.40799250000000      -8.941067565403711E-002
   1.20333166666667        5.70832541666667      -6.814262550276527E-002
   1.20333166666667        6.00865833333333      -4.535545891950863E-002
   1.20333166666667        6.30899125000000      -2.226010513989674E-002
   1.20333166666667        6.60932416666667       2.542515237550312E-003
   1.20333166666667        6.90965708333333       2.437225543375819E-002
   1.20333166666667        7.20999000000000       6.576987555713840E-002
   1.50366458333333       2.000000000000000E-003  -1.10650068662132     
   1.50366458333333       0.302332916666667       -1.01257771885193     
   1.50366458333333       0.602665833333333      -0.918268967270608     
   1.50366458333333       0.902998750000000      -0.799942120105728     
   1.50366458333333        1.20333166666667      -0.684693353779299     
   1.50366458333333        1.50366458333333      -0.586829042391348     
   1.50366458333333        1.80399750000000      -0.508256814724488     
   1.50366458333333        2.10433041666667      -0.443896939431733     
   1.50366458333333        2.40466333333333      -0.389943708801750     
   1.50366458333333        2.70499625000000      -0.343591566965861     
   1.50366458333333        3.00532916666667      -0.302819391735938     
   1.50366458333333        3.30566208333333      -0.266349593014103     
   1.50366458333333        3.60599500000000      -0.233581073717176     
   1.50366458333333        3.90632791666667      -0.204307191959422     
   1.50366458333333        4.20666083333333      -0.178184127222614     
   1.50366458333333        4.50699375000000      -0.154483444406973     
   1.50366458333333        4.80732666666667      -0.132315823698595     
   1.50366458333333        5.10765958333333      -0.110883354544200     
   1.50366458333333        5.40799250000000      -8.955433677730165E-002
   1.50366458333333        5.70832541666667      -6.776926149522049E-002
   1.50366458333333        6.00865833333333      -4.481418937657641E-002
   1.50366458333333        6.30899125000000      -2.051150278644995E-002
   1.50366458333333        6.60932416666667       3.535783536020477E-003
   1.50366458333333        6.90965708333333       2.341481588816167E-002
   1.50366458333333        7.20999000000000       9.166733382928505E-002
   1.80399750000000       2.000000000000000E-003  -1.02005944183809     
   1.80399750000000       0.302332916666667      -0.971016446070056     
   1.80399750000000       0.602665833333333      -0.889927938270017     
   1.80399750000000       0.902998750000000      -0.783801093032941     
   1.80399750000000        1.20333166666667      -0.678478348680629     
   1.80399750000000        1.50366458333333      -0.586188285001043     
   1.80399750000000        1.80399750000000      -0.507991264013779     
   1.80399750000000        2.10433041666667      -0.442553794577188     
   1.80399750000000        2.40466333333333      -0.387706448365579     
   1.80399750000000        2.70499625000000      -0.341079159105936     
   1.80399750000000        3.00532916666667      -0.300591764636767     
   1.80399750000000        3.30566208333333      -0.264770243044692     
   1.80399750000000        3.60599500000000      -0.232775370326368     
   1.80399750000000        3.90632791666667      -0.204146411553997     
   1.80399750000000        4.20666083333333      -0.178429345882567     
   1.80399750000000        4.50699375000000      -0.154957021065045     
   1.80399750000000        4.80732666666667      -0.132895703112389     
   1.80399750000000        5.10765958333333      -0.111435705548418     
   1.80399750000000        5.40799250000000      -8.995459746226545E-002
   1.80399750000000        5.70832541666667      -6.805653331009863E-002
   1.80399750000000        6.00865833333333      -4.549759714024509E-002
   1.80399750000000        6.30899125000000      -2.222009854411375E-002
   1.80399750000000        6.60932416666667       2.241883087680775E-006
   1.80399750000000        6.90965708333333       1.864990934883103E-002
   1.80399750000000        7.20999000000000       4.797719486660321E-002
   2.10433041666667       2.000000000000000E-003 -0.941083193716466     
   2.10433041666667       0.302332916666667      -0.913622914889241     
   2.10433041666667       0.602665833333333      -0.844936781417234     
   2.10433041666667       0.902998750000000      -0.755064351095645     
   2.10433041666667        1.20333166666667      -0.661418308265157     
   2.10433041666667        1.50366458333333      -0.574295152384195     
   2.10433041666667        1.80399750000000      -0.498026492799669     
   2.10433041666667        2.10433041666667      -0.433455377214833     
   2.10433041666667        2.40466333333333      -0.379472761483855     
   2.10433041666667        2.70499625000000      -0.334040636944671     
   2.10433041666667        3.00532916666667      -0.295015898481192     
   2.10433041666667        3.30566208333333      -0.260711848123074     
   2.10433041666667        3.60599500000000      -0.230078838570850     
   2.10433041666667        3.90632791666667      -0.202528839939500     
   2.10433041666667        4.20666083333333      -0.177597696085701     
   2.10433041666667        4.50699375000000      -0.154691251655983     
   2.10433041666667        4.80732666666667      -0.133051546009790     
   2.10433041666667        5.10765958333333      -0.111909031336508     
   2.10433041666667        5.40799250000000      -9.068440736998512E-002
   2.10433041666667        5.70832541666667      -6.911439373597743E-002
   2.10433041666667        6.00865833333333      -4.728345186528751E-002
   2.10433041666667        6.30899125000000      -2.571573098070128E-002
   2.10433041666667        6.60932416666667      -5.704334963747505E-003
   2.10433041666667        6.90965708333333       1.105084017143430E-002
   2.10433041666667        7.20999000000000       2.281947816308649E-002
   2.40466333333333       2.000000000000000E-003 -0.912845083906783     
   2.40466333333333       0.302332916666667      -0.884553227486761     
   2.40466333333333       0.602665833333333      -0.812206922365623     
   2.40466333333333       0.902998750000000      -0.723067918898652     
   2.40466333333333        1.20333166666667      -0.633438763347090     
   2.40466333333333        1.50366458333333      -0.550775364764083     
   2.40466333333333        1.80399750000000      -0.478356035505294     
   2.40466333333333        2.10433041666667      -0.417019379171073     
   2.40466333333333        2.40466333333333      -0.365896032649774     
   2.40466333333333        2.70499625000000      -0.323105252583890     
   2.40466333333333        3.00532916666667      -0.286517882325576     
   2.40466333333333        3.30566208333333      -0.254371864169125     
   2.40466333333333        3.60599500000000      -0.225536612009902     
   2.40466333333333        3.90632791666667      -0.199401849287711     
   2.40466333333333        4.20666083333333      -0.175558964319570     
   2.40466333333333        4.50699375000000      -0.153520014585065     
   2.40466333333333        4.80732666666667      -0.132633310643353     
   2.40466333333333        5.10765958333333      -0.112203508931444     
   2.40466333333333        5.40799250000000      -9.170103188657844E-002
   2.40466333333333        5.70832541666667      -7.091389237121527E-002
   2.40466333333333        6.00865833333333      -4.998040675905781E-002
   2.40466333333333        6.30899125000000      -2.937301467725800E-002
   2.40466333333333        6.60932416666667      -9.998762699737098E-003
   2.40466333333333        6.90965708333333       6.379411328669396E-003
   2.40466333333333        7.20999000000000       1.680003676980742E-002
   2.70499625000000       2.000000000000000E-003 -0.892723647720965     
   2.70499625000000       0.302332916666667      -0.861769693327148     
   2.70499625000000       0.602665833333333      -0.782869869114007     
   2.70499625000000       0.902998750000000      -0.685313344916125     
   2.70499625000000        1.20333166666667      -0.594941069212913     
   2.70499625000000        1.50366458333333      -0.517204936605476     
   2.70499625000000        1.80399750000000      -0.450738089253534     
   2.70499625000000        2.10433041666667      -0.394828798481548     
   2.70499625000000        2.40466333333333      -0.348263431282037     
   2.70499625000000        2.70499625000000      -0.309224760509358     
   2.70499625000000        3.00532916666667      -0.275726176945395     
   2.70499625000000        3.30566208333333      -0.246114798768150     
   2.70499625000000        3.60599500000000      -0.219331344784279     
   2.70499625000000        3.90632791666667      -0.194835044779737     
   2.70499625000000        4.20666083333333      -0.172313221286269     
   2.70499625000000        4.50699375000000      -0.151398134689274     
   2.70499625000000        4.80732666666667      -0.131558188591780     
   2.70499625000000        5.10765958333333      -0.112193320678785     
   2.70499625000000        5.40799250000000      -9.282765045101177E-002
   2.70499625000000        5.70832541666667      -7.323971205800334E-002
   2.70499625000000        6.00865833333333      -5.342411550432235E-002
   2.70499625000000        6.30899125000000      -3.336182181150756E-002
   2.70499625000000        6.60932416666667      -1.377209188450664E-002
   2.70499625000000        6.90965708333333       2.603643654458958E-003
   2.70499625000000        7.20999000000000       1.284669663937477E-002
   3.00532916666667       2.000000000000000E-003 -0.848479147080977     
   3.00532916666667       0.302332916666667      -0.814072659141100     
   3.00532916666667       0.602665833333333      -0.731259330454048     
   3.00532916666667       0.902998750000000      -0.635471510419953     
   3.00532916666667        1.20333166666667      -0.548241084134751     
   3.00532916666667        1.50366458333333      -0.477258124343380     
   3.00532916666667        1.80399750000000      -0.418439498629794     
   3.00532916666667        2.10433041666667      -0.369301587799786     
   3.00532916666667        2.40466333333333      -0.328200395039165     
   3.00532916666667        2.70499625000000      -0.293427088029070     
   3.00532916666667        3.00532916666667      -0.263268253670905     
   3.00532916666667        3.30566208333333      -0.236324529232849     
   3.00532916666667        3.60599500000000      -0.211711158156399     
   3.00532916666667        3.90632791666667      -0.189002488430316     
   3.00532916666667        4.20666083333333      -0.167984362663699     
   3.00532916666667        4.50699375000000      -0.148394238692210     
   3.00532916666667        4.80732666666667      -0.129812769961519     
   3.00532916666667        5.10765958333333      -0.111744104755324     
   3.00532916666667        5.40799250000000      -9.377971005849001E-002
   3.00532916666667        5.70832541666667      -7.568739361255733E-002
   3.00532916666667        6.00865833333333      -5.729228468085430E-002
   3.00532916666667        6.30899125000000      -3.831817268590591E-002
   3.00532916666667        6.60932416666667      -1.969028273517678E-002
   3.00532916666667        6.90965708333333      -3.450461935518569E-003
   3.00532916666667        7.20999000000000       6.840553532296276E-003
   3.30566208333333       2.000000000000000E-003 -0.767534664221913     
   3.30566208333333       0.302332916666667      -0.735132944958355     
   3.30566208333333       0.602665833333333      -0.659378276175363     
   3.30566208333333       0.902998750000000      -0.573611054692935     
   3.30566208333333        1.20333166666667      -0.497124148698642     
   3.30566208333333        1.50366458333333      -0.435431431089121     
   3.30566208333333        1.80399750000000      -0.384989977020573     
   3.30566208333333        2.10433041666667      -0.342814912684446     
   3.30566208333333        2.40466333333333      -0.307168662268535     
   3.30566208333333        2.70499625000000      -0.276577018001240     
   3.30566208333333        3.00532916666667      -0.249675616884625     
   3.30566208333333        3.30566208333333      -0.225370116456169     
   3.30566208333333        3.60599500000000      -0.202971671938554     
   3.30566208333333        3.90632791666667      -0.182158872925775     
   3.30566208333333        4.20666083333333      -0.162783499473267     
   3.30566208333333        4.50699375000000      -0.144652753057620     
   3.30566208333333        4.80732666666667      -0.127437587034271     
   3.30566208333333        5.10765958333333      -0.110744541606393     
   3.30566208333333        5.40799250000000      -9.424995761585729E-002
   3.30566208333333        5.70832541666667      -7.775611290603439E-002
   3.30566208333333        6.00865833333333      -6.106931969262066E-002
   3.30566208333333        6.30899125000000      -4.401981093662176E-002
   3.30566208333333        6.60932416666667      -2.715357862547903E-002
   3.30566208333333        6.90965708333333      -1.204532798354790E-002
   3.30566208333333        7.20999000000000      -2.111233969482894E-003
   3.60599500000000       2.000000000000000E-003 -0.665720666288583     
   3.60599500000000       0.302332916666667      -0.642761051547873     
   3.60599500000000       0.602665833333333      -0.582421887982372     
   3.60599500000000       0.902998750000000      -0.511024382547933     
   3.60599500000000        1.20333166666667      -0.447043946986211     
   3.60599500000000        1.50366458333333      -0.395275568797357     
   3.60599500000000        1.80399750000000      -0.352750807651107     
   3.60599500000000        2.10433041666667      -0.316850051352959     
   3.60599500000000        2.40466333333333      -0.286071333359173     
   3.60599500000000        2.70499625000000      -0.259260448888801     
   3.60599500000000        3.00532916666667      -0.235391098012821     
   3.60599500000000        3.30566208333333      -0.213634962602586     
   3.60599500000000        3.60599500000000      -0.193458870998111     
   3.60599500000000        3.90632791666667      -0.174605790126967     
   3.60599500000000        4.20666083333333      -0.156952193980390     
   3.60599500000000        4.50699375000000      -0.140338714580323     
   3.60599500000000        4.80732666666667      -0.124501969888473     
   3.60599500000000        5.10765958333333      -0.109140347041862     
   3.60599500000000        5.40799250000000      -9.402202308801641E-002
   3.60599500000000        5.70832541666667      -7.901830480231684E-002
   3.60599500000000        6.00865833333333      -6.400617269913383E-002
   3.60599500000000        6.30899125000000      -4.887490234557748E-002
   3.60599500000000        6.60932416666667      -3.401842995101803E-002
   3.60599500000000        6.90965708333333      -2.100449791621584E-002
   3.60599500000000        7.20999000000000      -1.338261092022061E-002
   3.90632791666667       2.000000000000000E-003 -0.589977974983346     
   3.90632791666667       0.302332916666667      -0.566089744353660     
   3.90632791666667       0.602665833333333      -0.512664672247389     
   3.90632791666667       0.902998750000000      -0.453309368850326     
   3.90632791666667        1.20333166666667      -0.400746616377710     
   3.90632791666667        1.50366458333333      -0.357864366391060     
   3.90632791666667        1.80399750000000      -0.322251916802842     
   3.90632791666667        2.10433041666667      -0.291749587014829     
   3.90632791666667        2.40466333333333      -0.265229213772085     
   3.90632791666667        2.70499625000000      -0.241845712269698     
   3.90632791666667        3.00532916666667      -0.220830676522375     
   3.90632791666667        3.30566208333333      -0.201542256622061     
   3.90632791666667        3.60599500000000      -0.183552811992370     
   3.90632791666667        3.90632791666667      -0.166644314461617     
   3.90632791666667        4.20666083333333      -0.150701400720506     
   3.90632791666667        4.50699375000000      -0.135582128982426     
   3.90632791666667        4.80732666666667      -0.121072137647029     
   3.90632791666667        5.10765958333333      -0.106945339016049     
   3.90632791666667        5.40799250000000      -9.305146896030593E-002
   3.90632791666667        5.70832541666667      -7.933161720304832E-002
   3.90632791666667        6.00865833333333      -6.570457109985349E-002
   3.90632791666667        6.30899125000000      -5.207466830562479E-002
   3.90632791666667        6.60932416666667      -3.861182785036076E-002
   3.90632791666667        6.90965708333333      -2.625955538209298E-002
   3.90632791666667        7.20999000000000      -1.754261050301459E-002
   4.20666083333333       2.000000000000000E-003 -0.500170510297823     
   4.20666083333333       0.302332916666667      -0.482696699907117     
   4.20666083333333       0.602665833333333      -0.442468920984738     
   4.20666083333333       0.902998750000000      -0.397387435954441     
   4.20666083333333        1.20333166666667      -0.356449279754138     
   4.20666083333333        1.50366458333333      -0.322139528752481     
   4.20666083333333        1.80399750000000      -0.292806784354206     
   4.20666083333333        2.10433041666667      -0.267231099975702     
   4.20666083333333        2.40466333333333      -0.244712275697655     
   4.20666083333333        2.70499625000000      -0.224641590011311     
   4.20666083333333        3.00532916666667      -0.206413649094400     
   4.20666083333333        3.30566208333333      -0.189510867961550     
   4.20666083333333        3.60599500000000      -0.173595483969991     
   4.20666083333333        3.90632791666667      -0.158505117622398     
   4.20666083333333        4.20666083333333      -0.144156419928751     
   4.20666083333333        4.50699375000000      -0.130438369207485     
   4.20666083333333        4.80732666666667      -0.117181163271940     
   4.20666083333333        5.10765958333333      -0.104214420635589     
   4.20666083333333        5.40799250000000      -9.144582740782468E-002
   4.20666083333333        5.70832541666667      -7.887470685587641E-002
   4.20666083333333        6.00865833333333      -6.649530862558277E-002
   4.20666083333333        6.30899125000000      -5.421855804207391E-002
   4.20666083333333        6.60932416666667      -4.226141558446685E-002
   4.20666083333333        6.90965708333333      -3.135703506028547E-002
   4.20666083333333        7.20999000000000      -2.350032191421073E-002
   4.50699375000000       2.000000000000000E-003 -0.406037957299867     
   4.50699375000000       0.302332916666667      -0.396131043777499     
   4.50699375000000       0.602665833333333      -0.371810949982968     
   4.50699375000000       0.902998750000000      -0.342130324422927     
   4.50699375000000        1.20333166666667      -0.313189442202131     
   4.50699375000000        1.50366458333333      -0.287121840770900     
   4.50699375000000        1.80399750000000      -0.263881048301514     
   4.50699375000000        2.10433041666667      -0.243200444988453     
   4.50699375000000        2.40466333333333      -0.224727289533219     
   4.50699375000000        2.70499625000000      -0.207995649704917     
   4.50699375000000        3.00532916666667      -0.192500373407416     
   4.50699375000000        3.30566208333333      -0.177834535947171     
   4.50699375000000        3.60599500000000      -0.163779076890831     
   4.50699375000000        3.90632791666667      -0.150278349467208     
   4.50699375000000        4.20666083333333      -0.137331053621272     
   4.50699375000000        4.50699375000000      -0.124886317533148     
   4.50699375000000        4.80732666666667      -0.112820019166606     
   4.50699375000000        5.10765958333333      -0.100996232145330     
   4.50699375000000        5.40799250000000      -8.934982940068147E-002
   4.50699375000000        5.70832541666667      -7.791507356740875E-002
   4.50699375000000        6.00865833333333      -6.677447583705799E-002
   4.50699375000000        6.30899125000000      -5.598084011576589E-002
   4.50699375000000        6.60932416666667      -4.576197236588083E-002
   4.50699375000000        6.90965708333333      -3.676951294517102E-002
   4.50699375000000        7.20999000000000      -3.001850974193198E-002
   4.80732666666667       2.000000000000000E-003 -0.327598746590108     
   4.80732666666667       0.302332916666667      -0.322614261158305     
   4.80732666666667       0.602665833333333      -0.309392502297610     
   4.80732666666667       0.902998750000000      -0.291388701163164     
   4.80732666666667        1.20333166666667      -0.272056626905089     
   4.80732666666667        1.50366458333333      -0.253325838612897     
   4.80732666666667        1.80399750000000      -0.235974675035519     
   4.80732666666667        2.10433041666667      -0.220171998886221     
   4.80732666666667        2.40466333333333      -0.205723198748054     
   4.80732666666667        2.70499625000000      -0.192229174318520     
   4.80732666666667        3.00532916666667      -0.179270208977810     
   4.80732666666667        3.30566208333333      -0.166574376655373     
   4.80732666666667        3.60599500000000      -0.154086912357947     
   4.80732666666667        3.90632791666667      -0.141909042081896     
   4.80732666666667        4.20666083333333      -0.130161638543275     
   4.80732666666667        4.50699375000000      -0.118873217840897     
   4.80732666666667        4.80732666666667      -0.107961503432374     
   4.80732666666667        5.10765958333333      -9.730455143057340E-002
   4.80732666666667        5.40799250000000      -8.683541907163808E-002
   4.80732666666667        5.70832541666667      -7.658952300167156E-002
   4.80732666666667        6.00865833333333      -6.668593645042745E-002
   4.80732666666667        6.30899125000000      -5.728969983320597E-002
   4.80732666666667        6.60932416666667      -4.863533990300419E-002
   4.80732666666667        6.90965708333333      -4.111211546281560E-002
   4.80732666666667        7.20999000000000      -3.516259074691287E-002
   5.10765958333333       2.000000000000000E-003 -0.268607661645005     
   5.10765958333333       0.302332916666667      -0.265858639838085     
   5.10765958333333       0.602665833333333      -0.258264620966467     
   5.10765958333333       0.902998750000000      -0.247404394323850     
   5.10765958333333        1.20333166666667      -0.235026464396799     
   5.10765958333333        1.50366458333333      -0.222439496349673     
   5.10765958333333        1.80399750000000      -0.210359333441894     
   5.10765958333333        2.10433041666667      -0.198984106560735     
   5.10765958333333        2.40466333333333      -0.188137465789983     
   5.10765958333333        2.70499625000000      -0.177463227559813     
   5.10765958333333        3.00532916666667      -0.166644386085782     
   5.10765958333333        3.30566208333333      -0.155567646686372     
   5.10765958333333        3.60599500000000      -0.144360056777024     
   5.10765958333333        3.90632791666667      -0.133289097200718     
   5.10765958333333        4.20666083333333      -0.122599067526988     
   5.10765958333333        4.50699375000000      -0.112390570690058     
   5.10765958333333        4.80732666666667      -0.102610147346122     
   5.10765958333333        5.10765958333333      -9.313496881448680E-002
   5.10765958333333        5.40799250000000      -8.387949157927008E-002
   5.10765958333333        5.70832541666667      -7.485541440516795E-002
   5.10765958333333        6.00865833333333      -6.616797084652290E-002
   5.10765958333333        6.30899125000000      -5.798338375887582E-002
   5.10765958333333        6.60932416666667      -5.050808071642682E-002
   5.10765958333333        6.90965708333333      -4.397670672884651E-002
   5.10765958333333        7.20999000000000      -3.859391325088545E-002
   5.40799250000000       2.000000000000000E-003 -0.223199792557449     
   5.40799250000000       0.302332916666667      -0.221744243202415     
   5.40799250000000       0.602665833333333      -0.217415286080638     
   5.40799250000000       0.902998750000000      -0.211218891099833     
   5.40799250000000        1.20333166666667      -0.203897480646454     
   5.40799250000000        1.50366458333333      -0.196028196703049     
   5.40799250000000        1.80399750000000      -0.188066307392214     
   5.40799250000000        2.10433041666667      -0.180127790458155     
   5.40799250000000        2.40466333333333      -0.172041369235956     
   5.40799250000000        2.70499625000000      -0.163518321943841     
   5.40799250000000        3.00532916666667      -0.154356792355024     
   5.40799250000000        3.30566208333333      -0.144583080584915     
   5.40799250000000        3.60599500000000      -0.134465380125317     
   5.40799250000000        3.90632791666667      -0.124394884912854     
   5.40799250000000        4.20666083333333      -0.114703755174180     
   5.40799250000000        4.50699375000000      -0.105536226061289     
   5.40799250000000        4.80732666666667      -9.684954825988497E-002
   5.40799250000000        5.10765958333333      -8.851482823810207E-002
   5.40799250000000        5.40799250000000      -8.042983608068562E-002
   5.40799250000000        5.70832541666667      -7.257928805323639E-002
   5.40799250000000        6.00865833333333      -6.503275389373069E-002
   5.40799250000000        6.30899125000000      -5.791894854460856E-002
   5.40799250000000        6.60932416666667      -5.139072866815306E-002
   5.40799250000000        6.90965708333333      -4.558666739408958E-002
   5.40799250000000        7.20999000000000      -4.073315535509366E-002
   5.70832541666667       2.000000000000000E-003 -0.190997680738981     
   5.70832541666667       0.302332916666667      -0.189528143571914     
   5.70832541666667       0.602665833333333      -0.186882904762708     
   5.70832541666667       0.902998750000000      -0.183253853786852     
   5.70832541666667        1.20333166666667      -0.179046788859008     
   5.70832541666667        1.50366458333333      -0.174325632065896     
   5.70832541666667        1.80399750000000      -0.169048630198087     
   5.70832541666667        2.10433041666667      -0.163316677807111     
   5.70832541666667        2.40466333333333      -0.157042202212814     
   5.70832541666667        2.70499625000000      -0.150035766153551     
   5.70832541666667        3.00532916666667      -0.142180300632498     
   5.70832541666667        3.30566208333333      -0.133552623913403     
   5.70832541666667        3.60599500000000      -0.124464110238972     
   5.70832541666667        3.90632791666667      -0.115371859532164     
   5.70832541666667        4.20666083333333      -0.106669242365777     
   5.70832541666667        4.50699375000000      -9.851384789584471E-002
   5.70832541666667        4.80732666666667      -9.084984149725940E-002
   5.70832541666667        5.10765958333333      -8.354504186513735E-002
   5.70832541666667        5.40799250000000      -7.649909482445150E-002
   5.70832541666667        5.70832541666667      -6.968958312073345E-002
   5.70832541666667        6.00865833333333      -6.314135227123469E-002
   5.70832541666667        6.30899125000000      -5.691616992063719E-002
   5.70832541666667        6.60932416666667      -5.106169262510930E-002
   5.70832541666667        6.90965708333333      -4.566955250474751E-002
   5.70832541666667        7.20999000000000      -4.051148826944934E-002
   6.00865833333333       2.000000000000000E-003 -0.168744828913353     
   6.00865833333333       0.302332916666667      -0.166754522005559     
   6.00865833333333       0.602665833333333      -0.164434491229142     
   6.00865833333333       0.902998750000000      -0.161964206997721     
   6.00865833333333        1.20333166666667      -0.159219003268977     
   6.00865833333333        1.50366458333333      -0.156097605431674     
   6.00865833333333        1.80399750000000      -0.152205655747761     
   6.00865833333333        2.10433041666667      -0.147677347982388     
   6.00865833333333        2.40466333333333      -0.142565454762915     
   6.00865833333333        2.70499625000000      -0.136776516220998     
   6.00865833333333        3.00532916666667      -0.130190066130334     
   6.00865833333333        3.30566208333333      -0.122748435741574     
   6.00865833333333        3.60599500000000      -0.114666106581836     
   6.00865833333333        3.90632791666667      -0.106466712499083     
   6.00865833333333        4.20666083333333      -9.872211873750236E-002
   6.00865833333333        4.50699375000000      -9.155438142545597E-002
   6.00865833333333        4.80732666666667      -8.482290913863197E-002
   6.00865833333333        5.10765958333333      -7.839743110118969E-002
   6.00865833333333        5.40799250000000      -7.221176368443193E-002
   6.00865833333333        5.70832541666667      -6.625896036612806E-002
   6.00865833333333        6.00865833333333      -6.064000148727091E-002
   6.00865833333333        6.30899125000000      -5.500669686717296E-002
   6.00865833333333        6.60932416666667      -4.950539508551128E-002
   6.00865833333333        6.90965708333333      -4.405008340046207E-002
   6.00865833333333        7.20999000000000      -3.842463274943778E-002
   6.30899125000000       2.000000000000000E-003 -0.152604848741494     
   6.30899125000000       0.302332916666667      -0.149382460319588     
   6.30899125000000       0.602665833333333      -0.145873625265469     
   6.30899125000000       0.902998750000000      -0.143887819578772     
   6.30899125000000        1.20333166666667      -0.142127423669400     
   6.30899125000000        1.50366458333333      -0.139538559789145     
   6.30899125000000        1.80399750000000      -0.136183352836360     
   6.30899125000000        2.10433041666667      -0.132380974485222     
   6.30899125000000        2.40466333333333      -0.128281513602196     
   6.30899125000000        2.70499625000000      -0.123891472303862     
   6.30899125000000        3.00532916666667      -0.118835019812207     
   6.30899125000000        3.30566208333333      -0.112679101677899     
   6.30899125000000        3.60599500000000      -0.105425730308731     
   6.30899125000000        3.90632791666667      -9.792954459989307E-002
   6.30899125000000        4.20666083333333      -9.103087335414248E-002
   6.30899125000000        4.50699375000000      -8.478992070091354E-002
   6.30899125000000        4.80732666666667      -7.896165702590190E-002
   6.30899125000000        5.10765958333333      -7.326810157361605E-002
   6.30899125000000        5.40799250000000      -6.777327384181997E-002
   6.30899125000000        5.70832541666667      -6.250868409037684E-002
   6.30899125000000        6.00865833333333      -5.743740610645165E-002
   6.30899125000000        6.30899125000000      -5.250331334653122E-002
   6.30899125000000        6.60932416666667      -4.718480090557950E-002
   6.30899125000000        6.90965708333333      -4.100821832002986E-002
   6.30899125000000        7.20999000000000      -3.470497514598421E-002
   6.60932416666667       2.000000000000000E-003 -0.136866243011404     
   6.60932416666667       0.302332916666667      -0.130060245511004     
   6.60932416666667       0.602665833333333      -0.125295851362507     
   6.60932416666667       0.902998750000000      -0.125639776632528     
   6.60932416666667        1.20333166666667      -0.125209389343162     
   6.60932416666667        1.50366458333333      -0.123160158270058     
   6.60932416666667        1.80399750000000      -0.120223591800420     
   6.60932416666667        2.10433041666667      -0.117170023432865     
   6.60932416666667        2.40466333333333      -0.114284223551865     
   6.60932416666667        2.70499625000000      -0.111557810317144     
   6.60932416666667        3.00532916666667      -0.108403943825145     
   6.60932416666667        3.30566208333333      -0.103568946152337     
   6.60932416666667        3.60599500000000      -9.701528880103771E-002
   6.60932416666667        3.90632791666667      -9.015340666398437E-002
   6.60932416666667        4.20666083333333      -8.404583539356575E-002
   6.60932416666667        4.50699375000000      -7.861750778021061E-002
   6.60932416666667        4.80732666666667      -7.343147863479932E-002
   6.60932416666667        5.10765958333333      -6.831952498772885E-002
   6.60932416666667        5.40799250000000      -6.337875824269301E-002
   6.60932416666667        5.70832541666667      -5.864928052786505E-002
   6.60932416666667        6.00865833333333      -5.401982007802400E-002
   6.60932416666667        6.30899125000000      -4.951279905282915E-002
   6.60932416666667        6.60932416666667      -4.504645856612728E-002
   6.60932416666667        6.90965708333333      -3.815593548930093E-002
   6.60932416666667        7.20999000000000      -2.982762295618354E-002
   6.90965708333333       2.000000000000000E-003 -0.108770342627642     
   6.90965708333333       0.302332916666667      -0.101437557462331     
   6.90965708333333       0.602665833333333      -0.101360693622731     
   6.90965708333333       0.902998750000000      -0.106118806167176     
   6.90965708333333        1.20333166666667      -0.107674250229642     
   6.90965708333333        1.50366458333333      -0.106553319025888     
   6.90965708333333        1.80399750000000      -0.104402378241759     
   6.90965708333333        2.10433041666667      -0.102382208372467     
   6.90965708333333        2.40466333333333      -0.100859651029257     
   6.90965708333333        2.70499625000000      -9.972675553462415E-002
   6.90965708333333        3.00532916666667      -9.826653581550818E-002
   6.90965708333333        3.30566208333333      -9.522864449712866E-002
   6.90965708333333        3.60599500000000      -8.982624680184471E-002
   6.90965708333333        3.90632791666667      -8.375527985799094E-002
   6.90965708333333        4.20666083333333      -7.850273573316280E-002
   6.90965708333333        4.50699375000000      -7.336561986398887E-002
   6.90965708333333        4.80732666666667      -6.838491510853931E-002
   6.90965708333333        5.10765958333333      -6.364245812755910E-002
   6.90965708333333        5.40799250000000      -5.914267010963259E-002
   6.90965708333333        5.70832541666667      -5.483127074685641E-002
   6.90965708333333        6.00865833333333      -5.048938678872288E-002
   6.90965708333333        6.30899125000000      -4.612951180223574E-002
   6.90965708333333        6.60932416666667      -4.208893562489540E-002
   6.90965708333333        6.90965708333333      -3.789005312071286E-002
   6.90965708333333        7.20999000000000      -2.994659352345990E-002
   7.20999000000000       2.000000000000000E-003 -8.057790738005208E-002
   7.20999000000000       0.302332916666667      -8.176917248236687E-002
   7.20999000000000       0.602665833333333      -8.286836645511481E-002
   7.20999000000000       0.902998750000000      -8.791160621678940E-002
   7.20999000000000        1.20333166666667      -9.047170407480547E-002
   7.20999000000000        1.50366458333333      -9.057822802706272E-002
   7.20999000000000        1.80399750000000      -8.938997862316625E-002
   7.20999000000000        2.10433041666667      -8.858450421079761E-002
   7.20999000000000        2.40466333333333      -8.819435292288014E-002
   7.20999000000000        2.70499625000000      -8.815965625237857E-002
   7.20999000000000        3.00532916666667      -8.789086651586590E-002
   7.20999000000000        3.30566208333333      -8.619034441783452E-002
   7.20999000000000        3.60599500000000      -8.366044866958225E-002
   7.20999000000000        3.90632791666667      -7.888994512441233E-002
   7.20999000000000        4.20666083333333      -7.396358168721291E-002
   7.20999000000000        4.50699375000000      -6.875569467147907E-002
   7.20999000000000        4.80732666666667      -6.376966426980583E-002
   7.20999000000000        5.10765958333333      -5.922699532752670E-002
   7.20999000000000        5.40799250000000      -5.503157344654838E-002
   7.20999000000000        5.70832541666667      -5.081755973558760E-002
   7.20999000000000        6.00865833333333      -4.681303736028133E-002
   7.20999000000000        6.30899125000000      -4.267758507440948E-002
   7.20999000000000        6.60932416666667      -3.841992701275483E-002
   7.20999000000000        6.90965708333333      -3.537661638052385E-002
   7.20999000000000        7.20999000000000      -3.352827031189922E-002
