  2.000000000000000E-003  2.000000000000000E-003 -0.157564341151202     
  2.000000000000000E-003  0.302332916666667      -0.174435851889787     
  2.000000000000000E-003  0.602665833333333      -0.182978321813684     
  2.000000000000000E-003  0.902998750000000      -0.184081489788499     
  2.000000000000000E-003   1.20333166666667      -0.185089934796273     
  2.000000000000000E-003   1.50366458333333      -0.187921071789591     
  2.000000000000000E-003   1.80399750000000      -0.193386121567220     
  2.000000000000000E-003   2.10433041666667      -0.201728447543809     
  2.000000000000000E-003   2.40466333333333      -0.213000857662218     
  2.000000000000000E-003   2.70499625000000      -0.226928702908840     
  2.000000000000000E-003   3.00532916666667      -0.239363916913965     
  2.000000000000000E-003   3.30566208333333      -0.242313293988084     
  2.000000000000000E-003   3.60599500000000      -0.238589748417671     
  2.000000000000000E-003   3.90632791666667      -0.242278106157659     
  2.000000000000000E-003   4.20666083333333      -0.239307556259894     
  2.000000000000000E-003   4.50699375000000      -0.226886477761374     
  2.000000000000000E-003   4.80732666666667      -0.212981825392597     
  2.000000000000000E-003   5.10765958333333      -0.201725747704818     
  2.000000000000000E-003   5.40799250000000      -0.193386474641906     
  2.000000000000000E-003   5.70832541666667      -0.187921364329452     
  2.000000000000000E-003   6.00865833333333      -0.185091006351788     
  2.000000000000000E-003   6.30899125000000      -0.184072305633463     
  2.000000000000000E-003   6.60932416666667      -0.182965348473851     
  2.000000000000000E-003   6.90965708333333      -0.174429136173918     
  2.000000000000000E-003   7.20999000000000      -0.157553681751552     
  0.302332916666667       2.000000000000000E-003 -0.174425264029977     
  0.302332916666667       0.302332916666667      -0.175863542130065     
  0.302332916666667       0.602665833333333      -0.187638739245474     
  0.302332916666667       0.902998750000000      -0.196385119821621     
  0.302332916666667        1.20333166666667      -0.201944244389667     
  0.302332916666667        1.50366458333333      -0.207677296595315     
  0.302332916666667        1.80399750000000      -0.215052664020928     
  0.302332916666667        2.10433041666667      -0.224710099858528     
  0.302332916666667        2.40466333333333      -0.236184530031671     
  0.302332916666667        2.70499625000000      -0.248337939803350     
  0.302332916666667        3.00532916666667      -0.256568017558462     
  0.302332916666667        3.30566208333333      -0.255159781040789     
  0.302332916666667        3.60599500000000      -0.250257975243985     
  0.302332916666667        3.90632791666667      -0.255003918206351     
  0.302332916666667        4.20666083333333      -0.256405303147192     
  0.302332916666667        4.50699375000000      -0.248231225905783     
  0.302332916666667        4.80732666666667      -0.236135186391901     
  0.302332916666667        5.10765958333333      -0.224697703087406     
  0.302332916666667        5.40799250000000      -0.215058823855071     
  0.302332916666667        5.70832541666667      -0.207687048318255     
  0.302332916666667        6.00865833333333      -0.201947119471741     
  0.302332916666667        6.30899125000000      -0.196380782136367     
  0.302332916666667        6.60932416666667      -0.187640002588837     
  0.302332916666667        6.90965708333333      -0.175855096997915     
  0.302332916666667        7.20999000000000      -0.174430785923881     
  0.602665833333333       2.000000000000000E-003 -0.182915214230882     
  0.602665833333333       0.302332916666667      -0.187640580104693     
  0.602665833333333       0.602665833333333      -0.196315485857540     
  0.602665833333333       0.902998750000000      -0.208190019366400     
  0.602665833333333        1.20333166666667      -0.218411619938329     
  0.602665833333333        1.50366458333333      -0.227921141870855     
  0.602665833333333        1.80399750000000      -0.238146617959952     
  0.602665833333333        2.10433041666667      -0.249700722403964     
  0.602665833333333        2.40466333333333      -0.261692168016113     
  0.602665833333333        2.70499625000000      -0.272476997712137     
  0.602665833333333        3.00532916666667      -0.278209139199518     
  0.602665833333333        3.30566208333333      -0.276278268728915     
  0.602665833333333        3.60599500000000      -0.273047493908949     
  0.602665833333333        3.90632791666667      -0.276140065053938     
  0.602665833333333        4.20666083333333      -0.278047220753866     
  0.602665833333333        4.50699375000000      -0.272364296530429     
  0.602665833333333        4.80732666666667      -0.261640662259817     
  0.602665833333333        5.10765958333333      -0.249689856793113     
  0.602665833333333        5.40799250000000      -0.238160579153810     
  0.602665833333333        5.70832541666667      -0.227943213644015     
  0.602665833333333        6.00865833333333      -0.218427457643827     
  0.602665833333333        6.30899125000000      -0.208196021347283     
  0.602665833333333        6.60932416666667      -0.196313230157250     
  0.602665833333333        6.90965708333333      -0.187651519005164     
  0.602665833333333        7.20999000000000      -0.182928097981558     
  0.902998750000000       2.000000000000000E-003 -0.184041690553501     
  0.902998750000000       0.302332916666667      -0.196387176028156     
  0.902998750000000       0.602665833333333      -0.208192354609111     
  0.902998750000000       0.902998750000000      -0.221979654075086     
  0.902998750000000        1.20333166666667      -0.235691073306625     
  0.902998750000000        1.50366458333333      -0.249186797040038     
  0.902998750000000        1.80399750000000      -0.263052717134823     
  0.902998750000000        2.10433041666667      -0.277548318393352     
  0.902998750000000        2.40466333333333      -0.291684090090046     
  0.902998750000000        2.70499625000000      -0.303907971856029     
  0.902998750000000        3.00532916666667      -0.311955316906937     
  0.902998750000000        3.30566208333333      -0.314622135691163     
  0.902998750000000        3.60599500000000      -0.314616442362825     
  0.902998750000000        3.90632791666667      -0.314538959386691     
  0.902998750000000        4.20666083333333      -0.311849097156881     
  0.902998750000000        4.50699375000000      -0.303832226744854     
  0.902998750000000        4.80732666666667      -0.291650656566172     
  0.902998750000000        5.10765958333333      -0.277549025711153     
  0.902998750000000        5.40799250000000      -0.263077502355145     
  0.902998750000000        5.70832541666667      -0.249222129855990     
  0.902998750000000        6.00865833333333      -0.235723165444693     
  0.902998750000000        6.30899125000000      -0.222008754577444     
  0.902998750000000        6.60932416666667      -0.208206310734880     
  0.902998750000000        6.90965708333333      -0.196402713128985     
  0.902998750000000        7.20999000000000      -0.184075395020727     
   1.20333166666667       2.000000000000000E-003 -0.185105358172131     
   1.20333166666667       0.302332916666667      -0.201944284144735     
   1.20333166666667       0.602665833333333      -0.218412644647329     
   1.20333166666667       0.902998750000000      -0.235692031992389     
   1.20333166666667        1.20333166666667      -0.253517320098387     
   1.20333166666667        1.50366458333333      -0.271318875147166     
   1.20333166666667        1.80399750000000      -0.289599644124188     
   1.20333166666667        2.10433041666667      -0.308112465912803     
   1.20333166666667        2.40466333333333      -0.325805807391684     
   1.20333166666667        2.70499625000000      -0.341314638886394     
   1.20333166666667        3.00532916666667      -0.353112324461879     
   1.20333166666667        3.30566208333333      -0.360111080232863     
   1.20333166666667        3.60599500000000      -0.362307684461259     
   1.20333166666667        3.90632791666667      -0.360071245467635     
   1.20333166666667        4.20666083333333      -0.353060732869371     
   1.20333166666667        4.50699375000000      -0.341277985451870     
   1.20333166666667        4.80732666666667      -0.325795871672835     
   1.20333166666667        5.10765958333333      -0.308129224035354     
   1.20333166666667        5.40799250000000      -0.289636299853133     
   1.20333166666667        5.70832541666667      -0.271366156447314     
   1.20333166666667        6.00865833333333      -0.253572134653195     
   1.20333166666667        6.30899125000000      -0.235730108932274     
   1.20333166666667        6.60932416666667      -0.218444230421916     
   1.20333166666667        6.90965708333333      -0.201978094791067     
   1.20333166666667        7.20999000000000      -0.185176826272283     
   1.50366458333333       2.000000000000000E-003 -0.188065911396560     
   1.50366458333333       0.302332916666667      -0.207675528819672     
   1.50366458333333       0.602665833333333      -0.227921674952858     
   1.50366458333333       0.902998750000000      -0.249188282713095     
   1.50366458333333        1.20333166666667      -0.271319551066664     
   1.50366458333333        1.50366458333333      -0.294074360327272     
   1.50366458333333        1.80399750000000      -0.317347983223883     
   1.50366458333333        2.10433041666667      -0.340477412779096     
   1.50366458333333        2.40466333333333      -0.362449587805491     
   1.50366458333333        2.70499625000000      -0.381930616969215     
   1.50366458333333        3.00532916666667      -0.397344921517269     
   1.50366458333333        3.30566208333333      -0.407220718221107     
   1.50366458333333        3.60599500000000      -0.410606634715426     
   1.50366458333333        3.90632791666667      -0.407204815850225     
   1.50366458333333        4.20666083333333      -0.397325084448229     
   1.50366458333333        4.50699375000000      -0.381921502376038     
   1.50366458333333        4.80732666666667      -0.362460252664126     
   1.50366458333333        5.10765958333333      -0.340508679061788     
   1.50366458333333        5.40799250000000      -0.317394141446911     
   1.50366458333333        5.70832541666667      -0.294127345664033     
   1.50366458333333        6.00865833333333      -0.271371704666271     
   1.50366458333333        6.30899125000000      -0.249235339086309     
   1.50366458333333        6.60932416666667      -0.227967443030841     
   1.50366458333333        6.90965708333333      -0.207729339380221     
   1.50366458333333        7.20999000000000      -0.188175548164285     
   1.80399750000000       2.000000000000000E-003 -0.193458870998110     
   1.80399750000000       0.302332916666667      -0.215051031544863     
   1.80399750000000       0.602665833333333      -0.238145827417843     
   1.80399750000000       0.902998750000000      -0.263053979439009     
   1.80399750000000        1.20333166666667      -0.289600322844707     
   1.80399750000000        1.50366458333333      -0.317348182121220     
   1.80399750000000        1.80399750000000      -0.345586917061804     
   1.80399750000000        2.10433041666667      -0.373425497323438     
   1.80399750000000        2.40466333333333      -0.399780676808553     
   1.80399750000000        2.70499625000000      -0.423235844649654     
   1.80399750000000        3.00532916666667      -0.442006154579900     
   1.80399750000000        3.30566208333333      -0.454222967447970     
   1.80399750000000        3.60599500000000      -0.458467493654478     
   1.80399750000000        3.90632791666667      -0.454219080726781     
   1.80399750000000        4.20666083333333      -0.442004648183391     
   1.80399750000000        4.50699375000000      -0.423244903336923     
   1.80399750000000        4.80732666666667      -0.399805335128264     
   1.80399750000000        5.10765958333333      -0.373465001894057     
   1.80399750000000        5.40799250000000      -0.345635495245038     
   1.80399750000000        5.70832541666667      -0.317398346396619     
   1.80399750000000        6.00865833333333      -0.289646719130798     
   1.80399750000000        6.30899125000000      -0.263097109601872     
   1.80399750000000        6.60932416666667      -0.238193167018871     
   1.80399750000000        6.90965708333333      -0.215115640488755     
   1.80399750000000        7.20999000000000      -0.193566505070051     
   2.10433041666667       2.000000000000000E-003 -0.201734112479481     
   2.10433041666667       0.302332916666667      -0.224710180402281     
   2.10433041666667       0.602665833333333      -0.249700502591227     
   2.10433041666667       0.902998750000000      -0.277548781883436     
   2.10433041666667        1.20333166666667      -0.308112829660874     
   2.10433041666667        1.50366458333333      -0.340477562225644     
   2.10433041666667        1.80399750000000      -0.373425526613079     
   2.10433041666667        2.10433041666667      -0.405739868063091     
   2.10433041666667        2.40466333333333      -0.436175190342972     
   2.10433041666667        2.70499625000000      -0.463205545266256     
   2.10433041666667        3.00532916666667      -0.484864645446392     
   2.10433041666667        3.30566208333333      -0.498995721627485     
   2.10433041666667        3.60599500000000      -0.503914283301321     
   2.10433041666667        3.90632791666667      -0.498998746973414     
   2.10433041666667        4.20666083333333      -0.484873787281424     
   2.10433041666667        4.50699375000000      -0.463224698040364     
   2.10433041666667        4.80732666666667      -0.436205813361784     
   2.10433041666667        5.10765958333333      -0.405779351738368     
   2.10433041666667        5.40799250000000      -0.373467901710736     
   2.10433041666667        5.70832541666667      -0.340516176988839     
   2.10433041666667        6.00865833333333      -0.308143879317869     
   2.10433041666667        6.30899125000000      -0.277574858845408     
   2.10433041666667        6.60932416666667      -0.249733027083072     
   2.10433041666667        6.90965708333333      -0.224769474740030     
   2.10433041666667        7.20999000000000      -0.201844939535241     
   2.40466333333333       2.000000000000000E-003 -0.213000255640017     
   2.40466333333333       0.302332916666667      -0.236184037191881     
   2.40466333333333       0.602665833333333      -0.261691826718508     
   2.40466333333333       0.902998750000000      -0.291684031657449     
   2.40466333333333        1.20333166666667      -0.325805837631436     
   2.40466333333333        1.50366458333333      -0.362449589981403     
   2.40466333333333        1.80399750000000      -0.399780646386964     
   2.40466333333333        2.10433041666667      -0.436175160256211     
   2.40466333333333        2.40466333333333      -0.470177689503770     
   2.40466333333333        2.70499625000000      -0.500168665657922     
   2.40466333333333        3.00532916666667      -0.524100574092692     
   2.40466333333333        3.30566208333333      -0.539680692736111     
   2.40466333333333        3.60599500000000      -0.545097100454159     
   2.40466333333333        3.90632791666667      -0.539687113340788     
   2.40466333333333        4.20666083333333      -0.524114509806991     
   2.40466333333333        4.50699375000000      -0.500190935896421     
   2.40466333333333        4.80732666666667      -0.470207067917457     
   2.40466333333333        5.10765958333333      -0.436207644757314     
   2.40466333333333        5.40799250000000      -0.399810293667933     
   2.40466333333333        5.70832541666667      -0.362470330538919     
   2.40466333333333        6.00865833333333      -0.325814169956488     
   2.40466333333333        6.30899125000000      -0.291682035720811     
   2.40466333333333        6.60932416666667      -0.261692588631022     
   2.40466333333333        6.90965708333333      -0.236219010572915     
   2.40466333333333        7.20999000000000      -0.213113221037972     
   2.70499625000000       2.000000000000000E-003 -0.226927263667505     
   2.70499625000000       0.302332916666667      -0.248336867749738     
   2.70499625000000       0.602665833333333      -0.272476276388537     
   2.70499625000000       0.902998750000000      -0.303907567138227     
   2.70499625000000        1.20333166666667      -0.341314418657615     
   2.70499625000000        1.50366458333333      -0.381930466875443     
   2.70499625000000        1.80399750000000      -0.423235726746042     
   2.70499625000000        2.10433041666667      -0.463205461651920     
   2.70499625000000        2.40466333333333      -0.500168624857692     
   2.70499625000000        2.70499625000000      -0.532431383611687     
   2.70499625000000        3.00532916666667      -0.557985851780653     
   2.70499625000000        3.30566208333333      -0.574584478866968     
   2.70499625000000        3.60599500000000      -0.580359790712504     
   2.70499625000000        3.90632791666667      -0.574591617933889     
   2.70499625000000        4.20666083333333      -0.557999964304740     
   2.70499625000000        4.50699375000000      -0.532451443373501     
   2.70499625000000        4.80732666666667      -0.500192015573371     
   2.70499625000000        5.10765958333333      -0.463227685316942     
   2.70499625000000        5.40799250000000      -0.423251310830764     
   2.70499625000000        5.70832541666667      -0.381933539001214     
   2.70499625000000        6.00865833333333      -0.341299272032667     
   2.70499625000000        6.30899125000000      -0.303868287942718     
   2.70499625000000        6.60932416666667      -0.272423557511594     
   2.70499625000000        6.90965708333333      -0.248326151208575     
   2.70499625000000        7.20999000000000      -0.227035288952017     
   3.00532916666667       2.000000000000000E-003 -0.239362147963536     
   3.00532916666667       0.302332916666667      -0.256566666529261     
   3.00532916666667       0.602665833333333      -0.278208192578054     
   3.00532916666667       0.902998750000000      -0.311954698536662     
   3.00532916666667        1.20333166666667      -0.353111945035626     
   3.00532916666667        1.50366458333333      -0.397344662531972     
   3.00532916666667        1.80399750000000      -0.442005965182248     
   3.00532916666667        2.10433041666667      -0.484864515760356     
   3.00532916666667        2.40466333333333      -0.524100501180058     
   3.00532916666667        2.70499625000000      -0.557985824595213     
   3.00532916666667        3.00532916666667      -0.584655894317321     
   3.00532916666667        3.30566208333333      -0.602027749501727     
   3.00532916666667        3.60599500000000      -0.608115961960397     
   3.00532916666667        3.90632791666667      -0.602033588900554     
   3.00532916666667        4.20666083333333      -0.584666913105268     
   3.00532916666667        4.50699375000000      -0.558000484702579     
   3.00532916666667        4.80732666666667      -0.524116220734927     
   3.00532916666667        5.10765958333333      -0.484877482322720     
   3.00532916666667        5.40799250000000      -0.442012005600313     
   3.00532916666667        5.70832541666667      -0.397338578228948     
   3.00532916666667        6.00865833333333      -0.353084318049401     
   3.00532916666667        6.30899125000000      -0.311888938231487     
   3.00532916666667        6.60932416666667      -0.278112410588373     
   3.00532916666667        6.90965708333333      -0.256509493540727     
   3.00532916666667        7.20999000000000      -0.239471025685442     
   3.30566208333333       2.000000000000000E-003 -0.242311571906866     
   3.30566208333333       0.302332916666667      -0.255158479982856     
   3.30566208333333       0.602665833333333      -0.276277362992280     
   3.30566208333333       0.902998750000000      -0.314621513986396     
   3.30566208333333        1.20333166666667      -0.360110658488382     
   3.30566208333333        1.50366458333333      -0.407220417947597     
   3.30566208333333        1.80399750000000      -0.454222746498032     
   3.30566208333333        2.10433041666667      -0.498995571158686     
   3.30566208333333        2.40466333333333      -0.539680606353900     
   3.30566208333333        2.70499625000000      -0.574584441436270     
   3.30566208333333        3.00532916666667      -0.602027739748575     
   3.30566208333333        3.30566208333333      -0.620082909554846     
   3.30566208333333        3.60599500000000      -0.626503301345694     
   3.30566208333333        3.90632791666667      -0.620086316571790     
   3.30566208333333        4.20666083333333      -0.602033876793456     
   3.30566208333333        4.50699375000000      -0.574592551878809     
   3.30566208333333        4.80732666666667      -0.539689107373813     
   3.30566208333333        5.10765958333333      -0.499002885740786     
   3.30566208333333        5.40799250000000      -0.454227033087370     
   3.30566208333333        5.70832541666667      -0.407219244010251     
   3.30566208333333        6.00865833333333      -0.360096283120785     
   3.30566208333333        6.30899125000000      -0.314581214032801     
   3.30566208333333        6.60932416666667      -0.276209294354976     
   3.30566208333333        6.90965708333333      -0.255114349007317     
   3.30566208333333        7.20999000000000      -0.242451777054363     
   3.60599500000000       2.000000000000000E-003 -0.238588206683793     
   3.60599500000000       0.302332916666667      -0.250256875838946     
   3.60599500000000       0.602665833333333      -0.273046788934972     
   3.60599500000000       0.902998750000000      -0.314615958168973     
   3.60599500000000        1.20333166666667      -0.362307326920500     
   3.60599500000000        1.50366458333333      -0.410606356544115     
   3.60599500000000        1.80399750000000      -0.458467283097505     
   3.60599500000000        2.10433041666667      -0.503914139322476     
   3.60599500000000        2.40466333333333      -0.545097017849559     
   3.60599500000000        2.70499625000000      -0.580359754263188     
   3.60599500000000        3.00532916666667      -0.608115950725917     
   3.60599500000000        3.30566208333333      -0.626503298485269     
   3.60599500000000        3.60599500000000      -0.633104550314591     
   3.60599500000000        3.90632791666667      -0.626503489894759     
   3.60599500000000        4.20666083333333      -0.608116390707192     
   3.60599500000000        4.50699375000000      -0.580360839349031     
   3.60599500000000        4.80732666666667      -0.545099371050071     
   3.60599500000000        5.10765958333333      -0.503918732311556     
   3.60599500000000        5.40799250000000      -0.458475772069547     
   3.60599500000000        5.70832541666667      -0.410621387158058     
   3.60599500000000        6.00865833333333      -0.362333240344265     
   3.60599500000000        6.30899125000000      -0.314659338417522     
   3.60599500000000        6.60932416666667      -0.273117763908067     
   3.60599500000000        6.90965708333333      -0.250370151124957     
   3.60599500000000        7.20999000000000      -0.238766970380251     
   3.90632791666667       2.000000000000000E-003 -0.242276751373102     
   3.90632791666667       0.302332916666667      -0.255003018168125     
   3.90632791666667       0.602665833333333      -0.276139534553516     
   3.90632791666667       0.902998750000000      -0.314538615675118     
   3.90632791666667        1.20333166666667      -0.360070978568053     
   3.90632791666667        1.50366458333333      -0.407204591483290     
   3.90632791666667        1.80399750000000      -0.454218906618770     
   3.90632791666667        2.10433041666667      -0.498998626447278     
   3.90632791666667        2.40466333333333      -0.539687042561260     
   3.90632791666667        2.70499625000000      -0.574591583716961     
   3.90632791666667        3.00532916666667      -0.602033573397412     
   3.90632791666667        3.30566208333333      -0.620086305935891     
   3.90632791666667        3.60599500000000      -0.626503480875746     
   3.90632791666667        3.90632791666667      -0.620083303374431     
   3.90632791666667        4.20666083333333      -0.602028379100052     
   3.90632791666667        4.50699375000000      -0.574585718722980     
   3.90632791666667        4.80732666666667      -0.539683060807522     
   3.90632791666667        5.10765958333333      -0.499000240021866     
   3.90632791666667        5.40799250000000      -0.454231203275002     
   3.90632791666667        5.70832541666667      -0.407235353384926     
   3.90632791666667        6.00865833333333      -0.360136087528789     
   3.90632791666667        6.30899125000000      -0.314663986396690     
   3.90632791666667        6.60932416666667      -0.276346631400754     
   3.90632791666667        6.90965708333333      -0.255269286166489     
   3.90632791666667        7.20999000000000      -0.242486384949703     
   4.20666083333333       2.000000000000000E-003 -0.239306427497498     
   4.20666083333333       0.302332916666667      -0.256404549675112     
   4.20666083333333       0.602665833333333      -0.278046773630431     
   4.20666083333333       0.902998750000000      -0.311848820490092     
   4.20666083333333        1.20333166666667      -0.353060517381470     
   4.20666083333333        1.50366458333333      -0.397324909160340     
   4.20666083333333        1.80399750000000      -0.442004513263881     
   4.20666083333333        2.10433041666667      -0.484873691247723     
   4.20666083333333        2.40466333333333      -0.524114447368190     
   4.20666083333333        2.70499625000000      -0.557999924560811     
   4.20666083333333        3.00532916666667      -0.584666882696343     
   4.20666083333333        3.30566208333333      -0.602033846498516     
   4.20666083333333        3.60599500000000      -0.608116360106171     
   4.20666083333333        3.90632791666667      -0.602028356975249     
   4.20666083333333        4.20666083333333      -0.584656784311284     
   4.20666083333333        4.50699375000000      -0.557987365720729     
   4.20666083333333        4.80732666666667      -0.524103190445483     
   4.20666083333333        5.10765958333333      -0.484869233884531     
   4.20666083333333        5.40799250000000      -0.442014273486303     
   4.20666083333333        5.70832541666667      -0.397358952685845     
   4.20666083333333        6.00865833333333      -0.353136169608701     
   4.20666083333333        6.30899125000000      -0.311994971312913     
   4.20666083333333        6.60932416666667      -0.278273771062918     
   4.20666083333333        6.90965708333333      -0.256671763047183     
   4.20666083333333        7.20999000000000      -0.239527522831354     
   4.50699375000000       2.000000000000000E-003 -0.226885756353146     
   4.50699375000000       0.302332916666667      -0.248230708370917     
   4.50699375000000       0.602665833333333      -0.272363907594331     
   4.50699375000000       0.902998750000000      -0.303831939842946     
   4.50699375000000        1.20333166666667      -0.341277771005014     
   4.50699375000000        1.50366458333333      -0.381921345999303     
   4.50699375000000        1.80399750000000      -0.423244788954486     
   4.50699375000000        2.10433041666667      -0.463224612279351     
   4.50699375000000        2.40466333333333      -0.500190868115620     
   4.50699375000000        2.70499625000000      -0.532451383849626     
   4.50699375000000        3.00532916666667      -0.558000424958172     
   4.50699375000000        3.30566208333333      -0.574592487597731     
   4.50699375000000        3.60599500000000      -0.580360773383595     
   4.50699375000000        3.90632791666667      -0.574585660543068     
   4.50699375000000        4.20666083333333      -0.557987328913336     
   4.50699375000000        4.50699375000000      -0.532433379451625     
   4.50699375000000        4.80732666666667      -0.500171717679607     
   4.50699375000000        5.10765958333333      -0.463210326079813     
   4.50699375000000        5.40799250000000      -0.423243749317531     
   4.50699375000000        5.70832541666667      -0.381943854508486     
   4.50699375000000        6.00865833333333      -0.341336809133328     
   4.50699375000000        6.30899125000000      -0.303944546309332     
   4.50699375000000        6.60932416666667      -0.272536440489499     
   4.50699375000000        6.90965708333333      -0.248433037161750     
   4.50699375000000        7.20999000000000      -0.227077806002143     
   4.80732666666667       2.000000000000000E-003 -0.212982276689607     
   4.80732666666667       0.302332916666667      -0.236135215171463     
   4.80732666666667       0.602665833333333      -0.261640260452642     
   4.80732666666667       0.902998750000000      -0.291650264760682     
   4.80732666666667        1.20333166666667      -0.325795594491061     
   4.80732666666667        1.50366458333333      -0.362460069827763     
   4.80732666666667        1.80399750000000      -0.399805209962670     
   4.80732666666667        2.10433041666667      -0.436205714195759     
   4.80732666666667        2.40466333333333      -0.470206974749550     
   4.80732666666667        2.70499625000000      -0.500191918123612     
   4.80732666666667        3.00532916666667      -0.524116114507483     
   4.80732666666667        3.30566208333333      -0.539688992735851     
   4.80732666666667        3.60599500000000      -0.545099254107293     
   4.80732666666667        3.90632791666667      -0.539682952205865     
   4.80732666666667        4.20666083333333      -0.524103102067839     
   4.80732666666667        4.50699375000000      -0.500171663343137     
   4.80732666666667        4.80732666666667      -0.470181501269219     
   4.80732666666667        5.10765958333333      -0.436180350169923     
   4.80732666666667        5.40799250000000      -0.399788516035321     
   4.80732666666667        5.70832541666667      -0.362462044912553     
   4.80732666666667        6.00865833333333      -0.325826084824726     
   4.80732666666667        6.30899125000000      -0.291717009584974     
   4.80732666666667        6.60932416666667      -0.261745093420272     
   4.80732666666667        6.90965708333333      -0.236268743901990     
   4.80732666666667        7.20999000000000      -0.213132136803446     
   5.10765958333333       2.000000000000000E-003 -0.201734491941193     
   5.10765958333333       0.302332916666667      -0.224698619087970     
   5.10765958333333       0.602665833333333      -0.249688893931295     
   5.10765958333333       0.902998750000000      -0.277548349024375     
   5.10765958333333        1.20333166666667      -0.308128807985298     
   5.10765958333333        1.50366458333333      -0.340508426895123     
   5.10765958333333        1.80399750000000      -0.373464839349391     
   5.10765958333333        2.10433041666667      -0.405779218215648     
   5.10765958333333        2.40466333333333      -0.436207506769246     
   5.10765958333333        2.70499625000000      -0.463227530485207     
   5.10765958333333        3.00532916666667      -0.484877308040538     
   5.10765958333333        3.30566208333333      -0.499002695182150     
   5.10765958333333        3.60599500000000      -0.503918538202899     
   5.10765958333333        3.90632791666667      -0.499000060331134     
   5.10765958333333        4.20666083333333      -0.484869078068816     
   5.10765958333333        4.50699375000000      -0.463210198640065     
   5.10765958333333        4.80732666666667      -0.436180267413822     
   5.10765958333333        5.10765958333333      -0.405745912900487     
   5.10765958333333        5.40799250000000      -0.373433548543638     
   5.10765958333333        5.70832541666667      -0.340489278578400     
   5.10765958333333        6.00865833333333      -0.308130873704364     
   5.10765958333333        6.30899125000000      -0.277577429002010     
   5.10765958333333        6.60932416666667      -0.249746164665307     
   5.10765958333333        6.90965708333333      -0.224782165898978     
   5.10765958333333        7.20999000000000      -0.201845427228646     
   5.40799250000000       2.000000000000000E-003 -0.193476852021759     
   5.40799250000000       0.302332916666667      -0.215058113498857     
   5.40799250000000       0.602665833333333      -0.238157601647214     
   5.40799250000000       0.902998750000000      -0.263076298491079     
   5.40799250000000        1.20333166666667      -0.289635694037195     
   5.40799250000000        1.50366458333333      -0.317393818864644     
   5.40799250000000        1.80399750000000      -0.345635301968050     
   5.40799250000000        2.10433041666667      -0.373467732363716     
   5.40799250000000        2.40466333333333      -0.399810102119279     
   5.40799250000000        2.70499625000000      -0.423251084007859     
   5.40799250000000        3.00532916666667      -0.442011736373062     
   5.40799250000000        3.30566208333333      -0.454226716137774     
   5.40799250000000        3.60599500000000      -0.458475436633399     
   5.40799250000000        3.90632791666667      -0.454230912223393     
   5.40799250000000        4.20666083333333      -0.442014036541943     
   5.40799250000000        4.50699375000000      -0.423243535019595     
   5.40799250000000        4.80732666666667      -0.399788317812400     
   5.40799250000000        5.10765958333333      -0.373433403975364     
   5.40799250000000        5.40799250000000      -0.345595880657415     
   5.40799250000000        5.70832541666667      -0.317359727145657     
   5.40799250000000        6.00865833333333      -0.289616616893773     
   5.40799250000000        6.30899125000000      -0.263078573866301     
   5.40799250000000        6.60932416666667      -0.238183989967901     
   5.40799250000000        6.90965708333333      -0.215110291559448     
   5.40799250000000        7.20999000000000      -0.193549667427296     
   5.70832541666667       2.000000000000000E-003 -0.188105756759165     
   5.70832541666667       0.302332916666667      -0.207684816958173     
   5.70832541666667       0.602665833333333      -0.227940551271001     
   5.70832541666667       0.902998750000000      -0.249220623373565     
   5.70832541666667        1.20333166666667      -0.271365455492032     
   5.70832541666667        1.50366458333333      -0.294127057531240     
   5.70832541666667        1.80399750000000      -0.317398188838985     
   5.70832541666667        2.10433041666667      -0.340516000046951     
   5.70832541666667        2.40466333333333      -0.362470097620140     
   5.70832541666667        2.70499625000000      -0.381933245239229     
   5.70832541666667        3.00532916666667      -0.397338192326334     
   5.70832541666667        3.30566208333333      -0.407218686888678     
   5.70832541666667        3.60599500000000      -0.410620681963290     
   5.70832541666667        3.90632791666667      -0.407234858010675     
   5.70832541666667        4.20666083333333      -0.397358652653447     
   5.70832541666667        4.50699375000000      -0.381943567162426     
   5.70832541666667        4.80732666666667      -0.362461708918135     
   5.70832541666667        5.10765958333333      -0.340488904468356     
   5.70832541666667        5.40799250000000      -0.317359417323083     
   5.70832541666667        5.70832541666667      -0.294086849203474     
   5.70832541666667        6.00865833333333      -0.271335015048364     
   5.70832541666667        6.30899125000000      -0.249209642570528     
   5.70832541666667        6.60932416666667      -0.227953156880264     
   5.70832541666667        6.90965708333333      -0.207723051124834     
   5.70832541666667        7.20999000000000      -0.188137703325892     
   6.00865833333333       2.000000000000000E-003 -0.185125080442712     
   6.00865833333333       0.302332916666667      -0.201945829311535     
   6.00865833333333       0.602665833333333      -0.218426014103524     
   6.00865833333333       0.902998750000000      -0.235722072897980     
   6.00865833333333        1.20333166666667      -0.253571692009109     
   6.00865833333333        1.50366458333333      -0.271371694149083     
   6.00865833333333        1.80399750000000      -0.289646716574608     
   6.00865833333333        2.10433041666667      -0.308143740723939     
   6.00865833333333        2.40466333333333      -0.325813932493369     
   6.00865833333333        2.70499625000000      -0.341299014107744     
   6.00865833333333        3.00532916666667      -0.353083751129822     
   6.00865833333333        3.30566208333333      -0.360095642372480     
   6.00865833333333        3.60599500000000      -0.362332030569049     
   6.00865833333333        3.90632791666667      -0.360135484036012     
   6.00865833333333        4.20666083333333      -0.353135841874907     
   6.00865833333333        4.50699375000000      -0.341336569726763     
   6.00865833333333        4.80732666666667      -0.325825636750711     
   6.00865833333333        5.10765958333333      -0.308130177172513     
   6.00865833333333        5.40799250000000      -0.289615715338945     
   6.00865833333333        5.70832541666667      -0.271334219525414     
   6.00865833333333        6.00865833333333      -0.253533685554922     
   6.00865833333333        6.30899125000000      -0.235711615235311     
   6.00865833333333        6.60932416666667      -0.218438933455570     
   6.00865833333333        6.90965708333333      -0.201981889226913     
   6.00865833333333        7.20999000000000      -0.185160525492331     
   6.30899125000000       2.000000000000000E-003 -0.184039332814066     
   6.30899125000000       0.302332916666667      -0.196381874303892     
   6.30899125000000       0.602665833333333      -0.208196853703446     
   6.30899125000000       0.902998750000000      -0.222008277261128     
   6.30899125000000        1.20333166666667      -0.235730290849060     
   6.30899125000000        1.50366458333333      -0.249235992566848     
   6.30899125000000        1.80399750000000      -0.263097549614408     
   6.30899125000000        2.10433041666667      -0.277574831558774     
   6.30899125000000        2.40466333333333      -0.291681738966549     
   6.30899125000000        2.70499625000000      -0.303873654769023     
   6.30899125000000        3.00532916666667      -0.311890254159717     
   6.30899125000000        3.30566208333333      -0.314584943916319     
   6.30899125000000        3.60599500000000      -0.314550992184177     
   6.30899125000000        3.90632791666667      -0.314668049909431     
   6.30899125000000        4.20666083333333      -0.311996521423194     
   6.30899125000000        4.50699375000000      -0.303949866738798     
   6.30899125000000        4.80732666666667      -0.291716510576673     
   6.30899125000000        5.10765958333333      -0.277576508328134     
   6.30899125000000        5.40799250000000      -0.263076963357684     
   6.30899125000000        5.70832541666667      -0.249207906217282     
   6.30899125000000        6.00865833333333      -0.235710534284641     
   6.30899125000000        6.30899125000000      -0.221999588397751     
   6.30899125000000        6.60932416666667      -0.208215643818261     
   6.30899125000000        6.90965708333333      -0.196417437034457     
   6.30899125000000        7.20999000000000      -0.184083790107990     
   6.60932416666667       2.000000000000000E-003 -0.182905634101960     
   6.60932416666667       0.302332916666667      -0.187641452749229     
   6.60932416666667       0.602665833333333      -0.196312779472903     
   6.60932416666667       0.902998750000000      -0.208204555237320     
   6.60932416666667        1.20333166666667      -0.218444709101658     
   6.60932416666667        1.50366458333333      -0.227969133516606     
   6.60932416666667        1.80399750000000      -0.238195218862152     
   6.60932416666667        2.10433041666667      -0.249733113516575     
   6.60932416666667        2.40466333333333      -0.261692152359672     
   6.60932416666667        2.70499625000000      -0.272420609149564     
   6.60932416666667        3.00532916666667      -0.278087644843817     
   6.60932416666667        3.30566208333333      -0.276211755077341     
   6.60932416666667        3.60599500000000      -0.272982507722129     
   6.60932416666667        3.90632791666667      -0.276349640660554     
   6.60932416666667        4.20666083333333      -0.278244977941247     
   6.60932416666667        4.50699375000000      -0.272534323198138     
   6.60932416666667        4.80732666666667      -0.261744701075497     
   6.60932416666667        5.10765958333333      -0.249745765704263     
   6.60932416666667        5.40799250000000      -0.238184299348938     
   6.60932416666667        5.70832541666667      -0.227952262984360     
   6.60932416666667        6.00865833333333      -0.218437688234646     
   6.60932416666667        6.30899125000000      -0.208213192598577     
   6.60932416666667        6.60932416666667      -0.196338463102789     
   6.60932416666667        6.90965708333333      -0.187666557241926     
   6.60932416666667        7.20999000000000      -0.182948048485424     
   6.90965708333333       2.000000000000000E-003 -0.174420405543914     
   6.90965708333333       0.302332916666667      -0.175854667976006     
   6.90965708333333       0.602665833333333      -0.187649124582774     
   6.90965708333333       0.902998750000000      -0.196400670233012     
   6.90965708333333        1.20333166666667      -0.201978387599827     
   6.90965708333333        1.50366458333333      -0.207730535117395     
   6.90965708333333        1.80399750000000      -0.215115330362205     
   6.90965708333333        2.10433041666667      -0.224767478160579     
   6.90965708333333        2.40466333333333      -0.236214566637003     
   6.90965708333333        2.70499625000000      -0.248319023377457     
   6.90965708333333        3.00532916666667      -0.256507659429690     
   6.90965708333333        3.30566208333333      -0.255087192763033     
   6.90965708333333        3.60599500000000      -0.250290879831212     
   6.90965708333333        3.90632791666667      -0.255238867386422     
   6.90965708333333        4.20666083333333      -0.256670716750613     
   6.90965708333333        4.50699375000000      -0.248426935891923     
   6.90965708333333        4.80732666666667      -0.236265449589001     
   6.90965708333333        5.10765958333333      -0.224781283987582     
   6.90965708333333        5.40799250000000      -0.215111350955363     
   6.90965708333333        5.70832541666667      -0.207724386986945     
   6.90965708333333        6.00865833333333      -0.201981549579844     
   6.90965708333333        6.30899125000000      -0.196415109673413     
   6.90965708333333        6.60932416666667      -0.187664439973060     
   6.90965708333333        6.90965708333333      -0.175888218051593     
   6.90965708333333        7.20999000000000      -0.174452786747445     
   7.20999000000000       2.000000000000000E-003 -0.157553721581265     
   7.20999000000000       0.302332916666667      -0.174438743985333     
   7.20999000000000       0.602665833333333      -0.182986793204994     
   7.20999000000000       0.902998750000000      -0.184107363902359     
   7.20999000000000        1.20333166666667      -0.185141942671694     
   7.20999000000000        1.50366458333333      -0.187990535807412     
   7.20999000000000        1.80399750000000      -0.193475133414863     
   7.20999000000000        2.10433041666667      -0.201835779979972     
   7.20999000000000        2.40466333333333      -0.213171903106956     
   7.20999000000000        2.70499625000000      -0.227159905721920     
   7.20999000000000        3.00532916666667      -0.239605522104322     
   7.20999000000000        3.30566208333333      -0.242504763407914     
   7.20999000000000        3.60599500000000      -0.238766346071846     
   7.20999000000000        3.90632791666667      -0.242539285491593     
   7.20999000000000        4.20666083333333      -0.239657979038223     
   7.20999000000000        4.50699375000000      -0.227196683807579     
   7.20999000000000        4.80732666666667      -0.213186812526013     
   7.20999000000000        5.10765958333333      -0.201839488211221     
   7.20999000000000        5.40799250000000      -0.193476331432937     
   7.20999000000000        5.70832541666667      -0.187993120835824     
   7.20999000000000        6.00865833333333      -0.185144788223094     
   7.20999000000000        6.30899125000000      -0.184123219251054     
   7.20999000000000        6.60932416666667      -0.183010532385133     
   7.20999000000000        6.90965708333333      -0.174462932537901     
   7.20999000000000        7.20999000000000      -0.157589355511194     
