  2.000000000000000E-003  2.000000000000000E-003 -0.238697438301244     
  2.000000000000000E-003  0.302332916666667      -0.255254323680520     
  2.000000000000000E-003  0.602665833333333      -0.257320841473174     
  2.000000000000000E-003  0.902998750000000      -0.251111609559299     
  2.000000000000000E-003   1.20333166666667      -0.244008912830637     
  2.000000000000000E-003   1.50366458333333      -0.237787627160672     
  2.000000000000000E-003   1.80399750000000      -0.232851113647297     
  2.000000000000000E-003   2.10433041666667      -0.230149668420521     
  2.000000000000000E-003   2.40466333333333      -0.229218435025767     
  2.000000000000000E-003   2.70499625000000      -0.229643252777199     
  2.000000000000000E-003   3.00532916666667      -0.228993536295510     
  2.000000000000000E-003   3.30566208333333      -0.222690486434055     
  2.000000000000000E-003   3.60599500000000      -0.211854849119362     
  2.000000000000000E-003   3.90632791666667      -0.203661439172112     
  2.000000000000000E-003   4.20666083333333      -0.192384843200882     
  2.000000000000000E-003   4.50699375000000      -0.176190436982665     
  2.000000000000000E-003   4.80732666666667      -0.159912891989173     
  2.000000000000000E-003   5.10765958333333      -0.145958870878114     
  2.000000000000000E-003   5.40799250000000      -0.134571496262833     
  2.000000000000000E-003   5.70832541666667      -0.125329035955539     
  2.000000000000000E-003   6.00865833333333      -0.118189706191436     
  2.000000000000000E-003   6.30899125000000      -0.112803207859439     
  2.000000000000000E-003   6.60932416666667      -0.107954570271806     
  2.000000000000000E-003   6.90965708333333      -9.949003392781593E-002
  2.000000000000000E-003   7.20999000000000      -8.838982216014639E-002
  0.302332916666667       2.000000000000000E-003 -0.281975529925479     
  0.302332916666667       0.302332916666667      -0.264012288157987     
  0.302332916666667       0.602665833333333      -0.268054619623438     
  0.302332916666667       0.902998750000000      -0.273368462195705     
  0.302332916666667        1.20333166666667      -0.271835227422738     
  0.302332916666667        1.50366458333333      -0.267764835635474     
  0.302332916666667        1.80399750000000      -0.263676979352411     
  0.302332916666667        2.10433041666667      -0.260704895598464     
  0.302332916666667        2.40466333333333      -0.258620546570589     
  0.302332916666667        2.70499625000000      -0.256392174010732     
  0.302332916666667        3.00532916666667      -0.251094636548522     
  0.302332916666667        3.30566208333333      -0.239539564416234     
  0.302332916666667        3.60599500000000      -0.225131782363054     
  0.302332916666667        3.90632791666667      -0.215143348782816     
  0.302332916666667        4.20666083333333      -0.203775624901245     
  0.302332916666667        4.50699375000000      -0.188520047158206     
  0.302332916666667        4.80732666666667      -0.172667699193711     
  0.302332916666667        5.10765958333333      -0.158368220194040     
  0.302332916666667        5.40799250000000      -0.145914855540663     
  0.302332916666667        5.70832541666667      -0.135379358022814     
  0.302332916666667        6.00865833333333      -0.126361943466229     
  0.302332916666667        6.30899125000000      -0.118398532060492     
  0.302332916666667        6.60932416666667      -0.110159717431703     
  0.302332916666667        6.90965708333333      -9.960139804356688E-002
  0.302332916666667        7.20999000000000      -8.959487998231094E-002
  0.602665833333333       2.000000000000000E-003 -0.306989724120413     
  0.602665833333333       0.302332916666667      -0.297267715141772     
  0.602665833333333       0.602665833333333      -0.292559485105868     
  0.602665833333333       0.902998750000000      -0.298159417379573     
  0.602665833333333        1.20333166666667      -0.300742921604402     
  0.602665833333333        1.50366458333333      -0.299730901992943     
  0.602665833333333        1.80399750000000      -0.297104794181159     
  0.602665833333333        2.10433041666667      -0.294224895324124     
  0.602665833333333        2.40466333333333      -0.290791347643426     
  0.602665833333333        2.70499625000000      -0.285646365942641     
  0.602665833333333        3.00532916666667      -0.276110663889447     
  0.602665833333333        3.30566208333333      -0.260698231090464     
  0.602665833333333        3.60599500000000      -0.243179028314368     
  0.602665833333333        3.90632791666667      -0.228847923659340     
  0.602665833333333        4.20666083333333      -0.215417912336325     
  0.602665833333333        4.50699375000000      -0.200463689993942     
  0.602665833333333        4.80732666666667      -0.185223861020044     
  0.602665833333333        5.10765958333333      -0.170696844538284     
  0.602665833333333        5.40799250000000      -0.157252002129459     
  0.602665833333333        5.70832541666667      -0.145147778838104     
  0.602665833333333        6.00865833333333      -0.134049518446098     
  0.602665833333333        6.30899125000000      -0.123494069255373     
  0.602665833333333        6.60932416666667      -0.112733869054559     
  0.602665833333333        6.90965708333333      -0.101154980890628     
  0.602665833333333        7.20999000000000      -8.968209533952250E-002
  0.902998750000000       2.000000000000000E-003 -0.309337457755007     
  0.902998750000000       0.302332916666667      -0.317096895816737     
  0.902998750000000       0.602665833333333      -0.320413256837037     
  0.902998750000000       0.902998750000000      -0.326862329080949     
  0.902998750000000        1.20333166666667      -0.331908722855884     
  0.902998750000000        1.50366458333333      -0.333832351419760     
  0.902998750000000        1.80399750000000      -0.333063564426607     
  0.902998750000000        2.10433041666667      -0.330750447567162     
  0.902998750000000        2.40466333333333      -0.326300674718058     
  0.902998750000000        2.70499625000000      -0.318687905379924     
  0.902998750000000        3.00532916666667      -0.306659484524552     
  0.902998750000000        3.30566208333333      -0.289581624443615     
  0.902998750000000        3.60599500000000      -0.269808065078392     
  0.902998750000000        3.90632791666667      -0.250593774267501     
  0.902998750000000        4.20666083333333      -0.232588537289716     
  0.902998750000000        4.50699375000000      -0.215349706744271     
  0.902998750000000        4.80732666666667      -0.198920687075398     
  0.902998750000000        5.10765958333333      -0.183325510515349     
  0.902998750000000        5.40799250000000      -0.168582790691951     
  0.902998750000000        5.70832541666667      -0.154768868349926     
  0.902998750000000        6.00865833333333      -0.141626240243393     
  0.902998750000000        6.30899125000000      -0.128938615986508     
  0.902998750000000        6.60932416666667      -0.116545904521645     
  0.902998750000000        6.90965708333333      -0.104400654583080     
  0.902998750000000        7.20999000000000      -9.216008732830204E-002
   1.20333166666667       2.000000000000000E-003 -0.313976659988669     
   1.20333166666667       0.302332916666667      -0.331248369908795     
   1.20333166666667       0.602665833333333      -0.344620279565147     
   1.20333166666667       0.902998750000000      -0.356515589490941     
   1.20333166666667        1.20333166666667      -0.366069975400507     
   1.20333166666667        1.50366458333333      -0.371096559430202     
   1.20333166666667        1.80399750000000      -0.372464272500582     
   1.20333166666667        2.10433041666667      -0.370641035009107     
   1.20333166666667        2.40466333333333      -0.364997401852618     
   1.20333166666667        2.70499625000000      -0.355070763265255     
   1.20333166666667        3.00532916666667      -0.340562124431123     
   1.20333166666667        3.30566208333333      -0.321613532421504     
   1.20333166666667        3.60599500000000      -0.299435771368887     
   1.20333166666667        3.90632791666667      -0.276173898996846     
   1.20333166666667        4.20666083333333      -0.253643031717823     
   1.20333166666667        4.50699375000000      -0.232784051923536     
   1.20333166666667        4.80732666666667      -0.213798454016275     
   1.20333166666667        5.10765958333333      -0.196343089247626     
   1.20333166666667        5.40799250000000      -0.179861760835115     
   1.20333166666667        5.70832541666667      -0.164058573291014     
   1.20333166666667        6.00865833333333      -0.148739561883695     
   1.20333166666667        6.30899125000000      -0.134019476285704     
   1.20333166666667        6.60932416666667      -0.119990977453660     
   1.20333166666667        6.90965708333333      -0.106791785793042     
   1.20333166666667        7.20999000000000      -9.380683964911657E-002
   1.50366458333333       2.000000000000000E-003 -0.327365120159845     
   1.50366458333333       0.302332916666667      -0.350976851715574     
   1.50366458333333       0.602665833333333      -0.371995915399313     
   1.50366458333333       0.902998750000000      -0.390621813353799     
   1.50366458333333        1.20333166666667      -0.405323839701327     
   1.50366458333333        1.50366458333333      -0.414449727621924     
   1.50366458333333        1.80399750000000      -0.417784656646105     
   1.50366458333333        2.10433041666667      -0.415160928859978     
   1.50366458333333        2.40466333333333      -0.406942117376065     
   1.50366458333333        2.70499625000000      -0.393769179370406     
   1.50366458333333        3.00532916666667      -0.376112701556742     
   1.50366458333333        3.30566208333333      -0.354354987068236     
   1.50366458333333        3.60599500000000      -0.329314123042230     
   1.50366458333333        3.90632791666667      -0.302553673555217     
   1.50366458333333        4.20666083333333      -0.276037145720854     
   1.50366458333333        4.50699375000000      -0.251400242147105     
   1.50366458333333        4.80732666666667      -0.229349131923315     
   1.50366458333333        5.10765958333333      -0.209531003948683     
   1.50366458333333        5.40799250000000      -0.190999554390182     
   1.50366458333333        5.70832541666667      -0.172978515496701     
   1.50366458333333        6.00865833333333      -0.155346693772011     
   1.50366458333333        6.30899125000000      -0.138362952573887     
   1.50366458333333        6.60932416666667      -0.122490470833675     
   1.50366458333333        6.90965708333333      -0.107978970523537     
   1.50366458333333        7.20999000000000      -9.476690832659260E-002
   1.80399750000000       2.000000000000000E-003 -0.352750807651105     
   1.80399750000000       0.302332916666667      -0.381456258100431     
   1.80399750000000       0.602665833333333      -0.408994982548858     
   1.80399750000000       0.902998750000000      -0.434487228298143     
   1.80399750000000        1.20333166666667      -0.455212045985980     
   1.80399750000000        1.50366458333333      -0.468374443985607     
   1.80399750000000        1.80399750000000      -0.472106077509324     
   1.80399750000000        2.10433041666667      -0.466399186215475     
   1.80399750000000        2.40466333333333      -0.453014934839114     
   1.80399750000000        2.70499625000000      -0.434298702889558     
   1.80399750000000        3.00532916666667      -0.411912584909944     
   1.80399750000000        3.30566208333333      -0.386493068117400     
   1.80399750000000        3.60599500000000      -0.358347316322625     
   1.80399750000000        3.90632791666667      -0.328373780497778     
   1.80399750000000        4.20666083333333      -0.298306314039004     
   1.80399750000000        4.50699375000000      -0.270081978925717     
   1.80399750000000        4.80732666666667      -0.244855763750745     
   1.80399750000000        5.10765958333333      -0.222456728709689     
   1.80399750000000        5.40799250000000      -0.201734951007649     
   1.80399750000000        5.70832541666667      -0.181525092317002     
   1.80399750000000        6.00865833333333      -0.161468007543988     
   1.80399750000000        6.30899125000000      -0.142093018270890     
   1.80399750000000        6.60932416666667      -0.124205839362118     
   1.80399750000000        6.90965708333333      -0.108235183290986     
   1.80399750000000        7.20999000000000      -9.413018711081683E-002
   2.10433041666667       2.000000000000000E-003 -0.391780794795565     
   2.10433041666667       0.302332916666667      -0.425924668067869     
   2.10433041666667       0.602665833333333      -0.459903469118535     
   2.10433041666667       0.902998750000000      -0.492317653920183     
   2.10433041666667        1.20333166666667      -0.519095520198864     
   2.10433041666667        1.50366458333333      -0.535286904407570     
   2.10433041666667        1.80399750000000      -0.537548878174052     
   2.10433041666667        2.10433041666667      -0.526039497975605     
   2.10433041666667        2.40466333333333      -0.504245745629565     
   2.10433041666667        2.70499625000000      -0.476858986917788     
   2.10433041666667        3.00532916666667      -0.447332462183440     
   2.10433041666667        3.30566208333333      -0.416849353740755     
   2.10433041666667        3.60599500000000      -0.385164713416032     
   2.10433041666667        3.90632791666667      -0.352229190273174     
   2.10433041666667        4.20666083333333      -0.319129403758440     
   2.10433041666667        4.50699375000000      -0.287742680874014     
   2.10433041666667        4.80732666666667      -0.259535328988366     
   2.10433041666667        5.10765958333333      -0.234589902599772     
   2.10433041666667        5.40799250000000      -0.211702332318517     
   2.10433041666667        5.70832541666667      -0.189425225858903     
   2.10433041666667        6.00865833333333      -0.167166834044611     
   2.10433041666667        6.30899125000000      -0.145492737861658     
   2.10433041666667        6.60932416666667      -0.125504284875367     
   2.10433041666667        6.90965708333333      -0.107902643129737     
   2.10433041666667        7.20999000000000      -9.243637778727409E-002
   2.40466333333333       2.000000000000000E-003 -0.445681456172866     
   2.40466333333333       0.302332916666667      -0.486116823253090     
   2.40466333333333       0.602665833333333      -0.526667756503869     
   2.40466333333333       0.902998750000000      -0.565212245999882     
   2.40466333333333        1.20333166666667      -0.596569342011158     
   2.40466333333333        1.50366458333333      -0.614177357041827     
   2.40466333333333        1.80399750000000      -0.613065437813527     
   2.40466333333333        2.10433041666667      -0.593282438894429     
   2.40466333333333        2.40466333333333      -0.560127094200695     
   2.40466333333333        2.70499625000000      -0.521074867348480     
   2.40466333333333        3.00532916666667      -0.481912849069772     
   2.40466333333333        3.30566208333333      -0.444752789436363     
   2.40466333333333        3.60599500000000      -0.408877302887572     
   2.40466333333333        3.90632791666667      -0.373084782550877     
   2.40466333333333        4.20666083333333      -0.337451821871486     
   2.40466333333333        4.50699375000000      -0.303449773361322     
   2.40466333333333        4.80732666666667      -0.272659622216425     
   2.40466333333333        5.10765958333333      -0.245403955062180     
   2.40466333333333        5.40799250000000      -0.220526866753644     
   2.40466333333333        5.70832541666667      -0.196401290059938     
   2.40466333333333        6.00865833333333      -0.172210853302501     
   2.40466333333333        6.30899125000000      -0.148435199582852     
   2.40466333333333        6.60932416666667      -0.126303226183151     
   2.40466333333333        6.90965708333333      -0.106867213349255     
   2.40466333333333        7.20999000000000      -9.007965181127017E-002
   2.70499625000000       2.000000000000000E-003 -0.517275340329800     
   2.70499625000000       0.302332916666667      -0.564279459773500     
   2.70499625000000       0.602665833333333      -0.611656245349641     
   2.70499625000000       0.902998750000000      -0.653676695683827     
   2.70499625000000        1.20333166666667      -0.683580303764956     
   2.70499625000000        1.50366458333333      -0.699091263347786     
   2.70499625000000        1.80399750000000      -0.692630832645907     
   2.70499625000000        2.10433041666667      -0.663054558027680     
   2.70499625000000        2.40466333333333      -0.616972355537077     
   2.70499625000000        2.70499625000000      -0.564602145848435     
   2.70499625000000        3.00532916666667      -0.514296789030110     
   2.70499625000000        3.30566208333333      -0.469400496542765     
   2.70499625000000        3.60599500000000      -0.428871674601703     
   2.70499625000000        3.90632791666667      -0.390289478340035     
   2.70499625000000        4.20666083333333      -0.352545384671977     
   2.70499625000000        4.50699375000000      -0.316485105158597     
   2.70499625000000        4.80732666666667      -0.283614022409652     
   2.70499625000000        5.10765958333333      -0.254426017882602     
   2.70499625000000        5.40799250000000      -0.227866316537710     
   2.70499625000000        5.70832541666667      -0.202214362304198     
   2.70499625000000        6.00865833333333      -0.176438465699406     
   2.70499625000000        6.30899125000000      -0.150734085379501     
   2.70499625000000        6.60932416666667      -0.126310398785397     
   2.70499625000000        6.90965708333333      -0.104916585827984     
   2.70499625000000        7.20999000000000      -8.676782009762059E-002
   3.00532916666667       2.000000000000000E-003 -0.594692929425216     
   3.00532916666667       0.302332916666667      -0.647652176501795     
   3.00532916666667       0.602665833333333      -0.700988891683532     
   3.00532916666667       0.902998750000000      -0.749218370681104     
   3.00532916666667        1.20333166666667      -0.771205817354297     
   3.00532916666667        1.50366458333333      -0.778557642461874     
   3.00532916666667        1.80399750000000      -0.765119547463393     
   3.00532916666667        2.10433041666667      -0.725877217674524     
   3.00532916666667        2.40466333333333      -0.667602511329090     
   3.00532916666667        2.70499625000000      -0.602662190739912     
   3.00532916666667        3.00532916666667      -0.541733978431382     
   3.00532916666667        3.30566208333333      -0.489430354399830     
   3.00532916666667        3.60599500000000      -0.444494650214553     
   3.00532916666667        3.90632791666667      -0.403378946201670     
   3.00532916666667        4.20666083333333      -0.363902168150751     
   3.00532916666667        4.50699375000000      -0.326296594009336     
   3.00532916666667        4.80732666666667      -0.291883344961208     
   3.00532916666667        5.10765958333333      -0.261238085521222     
   3.00532916666667        5.40799250000000      -0.233411215686570     
   3.00532916666667        5.70832541666667      -0.206661620577240     
   3.00532916666667        6.00865833333333      -0.179823589414397     
   3.00532916666667        6.30899125000000      -0.152727584748660     
   3.00532916666667        6.60932416666667      -0.126227645984726     
   3.00532916666667        6.90965708333333      -0.102519199393547     
   3.00532916666667        7.20999000000000      -8.280477300798202E-002
   3.30566208333333       2.000000000000000E-003 -0.644394324794172     
   3.30566208333333       0.302332916666667      -0.705694370427887     
   3.30566208333333       0.602665833333333      -0.768445342963170     
   3.30566208333333       0.902998750000000      -0.823226858823908     
   3.30566208333333        1.20333166666667      -0.842194901997521     
   3.30566208333333        1.50366458333333      -0.836848512397796     
   3.30566208333333        1.80399750000000      -0.816685098237990     
   3.30566208333333        2.10433041666667      -0.770129214434595     
   3.30566208333333        2.40466333333333      -0.703055333960633     
   3.30566208333333        2.70499625000000      -0.629082456982866     
   3.30566208333333        3.00532916666667      -0.560508193529441     
   3.30566208333333        3.30566208333333      -0.502892145119987     
   3.30566208333333        3.60599500000000      -0.454792883305270     
   3.30566208333333        3.90632791666667      -0.411795754423400     
   3.30566208333333        4.20666083333333      -0.371052731870478     
   3.30566208333333        4.50699375000000      -0.332418983876926     
   3.30566208333333        4.80732666666667      -0.297034910087630     
   3.30566208333333        5.10765958333333      -0.265483028728629     
   3.30566208333333        5.40799250000000      -0.236881148919010     
   3.30566208333333        5.70832541666667      -0.209521202700785     
   3.30566208333333        6.00865833333333      -0.182315082434128     
   3.30566208333333        6.30899125000000      -0.154521962923404     
   3.30566208333333        6.60932416666667      -0.126566617398187     
   3.30566208333333        6.90965708333333      -0.101189115882063     
   3.30566208333333        7.20999000000000      -7.981462595377037E-002
   3.60599500000000       2.000000000000000E-003 -0.643299973235950     
   3.60599500000000       0.302332916666667      -0.719700445074015     
   3.60599500000000       0.602665833333333      -0.791990284698296     
   3.60599500000000       0.902998750000000      -0.850955408545610     
   3.60599500000000        1.20333166666667      -0.869750832720378     
   3.60599500000000        1.50366458333333      -0.858531960718756     
   3.60599500000000        1.80399750000000      -0.835444609438026     
   3.60599500000000        2.10433041666667      -0.786129497012191     
   3.60599500000000        2.40466333333333      -0.715836773074671     
   3.60599500000000        2.70499625000000      -0.638575647150814     
   3.60599500000000        3.00532916666667      -0.567226801204811     
   3.60599500000000        3.30566208333333      -0.507702723501835     
   3.60599500000000        3.60599500000000      -0.458467283097503     
   3.60599500000000        3.90632791666667      -0.414747164106803     
   3.60599500000000        4.20666083333333      -0.373506019624389     
   3.60599500000000        4.50699375000000      -0.334494530155890     
   3.60599500000000        4.80732666666667      -0.298774607309791     
   3.60599500000000        5.10765958333333      -0.266916577332746     
   3.60599500000000        5.40799250000000      -0.238058018427603     
   3.60599500000000        5.70832541666667      -0.210517348493298     
   3.60599500000000        6.00865833333333      -0.183294865161727     
   3.60599500000000        6.30899125000000      -0.155303235674526     
   3.60599500000000        6.60932416666667      -0.126990820697628     
   3.60599500000000        6.90965708333333      -0.101883750478934     
   3.60599500000000        7.20999000000000      -8.160528301732949E-002
   3.90632791666667       2.000000000000000E-003 -0.644389465965218     
   3.90632791666667       0.302332916666667      -0.705422973851911     
   3.90632791666667       0.602665833333333      -0.768188939823097     
   3.90632791666667       0.902998750000000      -0.823064644315490     
   3.90632791666667        1.20333166666667      -0.842108913146186     
   3.90632791666667        1.50366458333333      -0.836801886564974     
   3.90632791666667        1.80399750000000      -0.816655074073659     
   3.90632791666667        2.10433041666667      -0.770106778330783     
   3.90632791666667        2.40466333333333      -0.703035196793091     
   3.90632791666667        2.70499625000000      -0.629061089521485     
   3.90632791666667        3.00532916666667      -0.560483486308413     
   3.90632791666667        3.30566208333333      -0.502863474375083     
   3.90632791666667        3.60599500000000      -0.454760658133563     
   3.90632791666667        3.90632791666667      -0.411761278199053     
   3.90632791666667        4.20666083333333      -0.371017683112258     
   3.90632791666667        4.50699375000000      -0.332384906769722     
   3.90632791666667        4.80732666666667      -0.297003091387709     
   3.90632791666667        5.10765958333333      -0.265454175809320     
   3.90632791666667        5.40799250000000      -0.236855479443839     
   3.90632791666667        5.70832541666667      -0.209498421068876     
   3.90632791666667        6.00865833333333      -0.182293991103838     
   3.90632791666667        6.30899125000000      -0.154500011172148     
   3.90632791666667        6.60932416666667      -0.126541677589988     
   3.90632791666667        6.90965708333333      -0.101170098158384     
   3.90632791666667        7.20999000000000      -7.984480336614624E-002
   4.20666083333333       2.000000000000000E-003 -0.594693852652024     
   4.20666083333333       0.302332916666667      -0.647404374975666     
   4.20666083333333       0.602665833333333      -0.700701698066024     
   4.20666083333333       0.902998750000000      -0.749012036679753     
   4.20666083333333        1.20333166666667      -0.771087999704122     
   4.20666083333333        1.50366458333333      -0.778486636229104     
   4.20666083333333        1.80399750000000      -0.765070721679916     
   4.20666083333333        2.10433041666667      -0.725837600011387     
   4.20666083333333        2.40466333333333      -0.667563567681917     
   4.20666083333333        2.70499625000000      -0.602618442425963     
   4.20666083333333        3.00532916666667      -0.541682652188373     
   4.20666083333333        3.30566208333333      -0.489371267367503     
   4.20666083333333        3.60599500000000      -0.444429282984539     
   4.20666083333333        3.90632791666667      -0.403309751108185     
   4.20666083333333        4.20666083333333      -0.363831883857549     
   4.20666083333333        4.50699375000000      -0.326227907302054     
   4.20666083333333        4.80732666666667      -0.291818530720980     
   4.20666083333333        5.10765958333333      -0.261178820191978     
   4.20666083333333        5.40799250000000      -0.233358319263431     
   4.20666083333333        5.70832541666667      -0.206615182160541     
   4.20666083333333        6.00865833333333      -0.179783027009552     
   4.20666083333333        6.30899125000000      -0.152691676392913     
   4.20666083333333        6.60932416666667      -0.126199317395735     
   4.20666083333333        6.90965708333333      -0.102515682394111     
   4.20666083333333        7.20999000000000      -8.285474915699295E-002
   4.50699375000000       2.000000000000000E-003 -0.517287094855736     
   4.50699375000000       0.302332916666667      -0.564135287735041     
   4.50699375000000       0.602665833333333      -0.611461218589468     
   4.50699375000000       0.902998750000000      -0.653521639099721     
   4.50699375000000        1.20333166666667      -0.683477385719187     
   4.50699375000000        1.50366458333333      -0.699021070826646     
   4.50699375000000        1.80399750000000      -0.692576540833947     
   4.50699375000000        2.10433041666667      -0.663002962778128     
   4.50699375000000        2.40466333333333      -0.616914080488615     
   4.50699375000000        2.70499625000000      -0.564532191217708     
   4.50699375000000        3.00532916666667      -0.514214350708779     
   4.50699375000000        3.30566208333333      -0.469307684159878     
   4.50699375000000        3.60599500000000      -0.428771555573869     
   4.50699375000000        3.90632791666667      -0.390185158027236     
   4.50699375000000        4.20666083333333      -0.352439706203906     
   4.50699375000000        4.50699375000000      -0.316380929595792     
   4.50699375000000        4.80732666666667      -0.283514427201395     
   4.50699375000000        5.10765958333333      -0.254333860198792     
   4.50699375000000        5.40799250000000      -0.227783692423681     
   4.50699375000000        5.70832541666667      -0.202142494969098     
   4.50699375000000        6.00865833333333      -0.176378042809294     
   4.50699375000000        6.30899125000000      -0.150686356727017     
   4.50699375000000        6.60932416666667      -0.126280205382578     
   4.50699375000000        6.90965708333333      -0.104915531845424     
   4.50699375000000        7.20999000000000      -8.680604377529810E-002
   4.80732666666667       2.000000000000000E-003 -0.445690124370714     
   4.80732666666667       0.302332916666667      -0.486044838487431     
   4.80732666666667       0.602665833333333      -0.526562735106976     
   4.80732666666667       0.902998750000000      -0.565116482538592     
   4.80732666666667        1.20333166666667      -0.596495788768962     
   4.80732666666667        1.50366458333333      -0.614120009167697     
   4.80732666666667        1.80399750000000      -0.613011010633865     
   4.80732666666667        2.10433041666667      -0.593217616447164     
   4.80732666666667        2.40466333333333      -0.560043356187323     
   4.80732666666667        2.70499625000000      -0.520970510711294     
   4.80732666666667        3.00532916666667      -0.481791801974870     
   4.80732666666667        3.30566208333333      -0.444621234721597     
   4.80732666666667        3.60599500000000      -0.408740466218546     
   4.80732666666667        3.90632791666667      -0.372945317057051     
   4.80732666666667        4.20666083333333      -0.337311116019215     
   4.80732666666667        4.50699375000000      -0.303309709431877     
   4.80732666666667        4.80732666666667      -0.272523682690556     
   4.80732666666667        5.10765958333333      -0.245276698421937     
   4.80732666666667        5.40799250000000      -0.220412475789828     
   4.80732666666667        5.70832541666667      -0.196302469578345     
   4.80732666666667        6.00865833333333      -0.172129144446790     
   4.80732666666667        6.30899125000000      -0.148372325215138     
   4.80732666666667        6.60932416666667      -0.126262705405132     
   4.80732666666667        6.90965708333333      -0.106854434606914     
   4.80732666666667        7.20999000000000      -9.009688368098369E-002
   5.10765958333333       2.000000000000000E-003 -0.391768638590999     
   5.10765958333333       0.302332916666667      -0.425872800689201     
   5.10765958333333       0.602665833333333      -0.459834555451602     
   5.10765958333333       0.902998750000000      -0.492253400549302     
   5.10765958333333        1.20333166666667      -0.519043090571678     
   5.10765958333333        1.50366458333333      -0.535238149625336     
   5.10765958333333        1.80399750000000      -0.537487808600926     
   5.10765958333333        2.10433041666667      -0.525951327261363     
   5.10765958333333        2.40466333333333      -0.504123990948150     
   5.10765958333333        2.70499625000000      -0.476707648978019     
   5.10765958333333        3.00532916666667      -0.447162855858687     
   5.10765958333333        3.30566208333333      -0.416673606966852     
   5.10765958333333        3.60599500000000      -0.384989853492261     
   5.10765958333333        3.90632791666667      -0.352055829501939     
   5.10765958333333        4.20666083333333      -0.318955260252484     
   5.10765958333333        4.50699375000000      -0.287567343831605     
   5.10765958333333        4.80732666666667      -0.259362700324972     
   5.10765958333333        5.10765958333333      -0.234427053489565     
   5.10765958333333        5.40799250000000      -0.211556204141499     
   5.10765958333333        5.70832541666667      -0.189300139819300     
   5.10765958333333        6.00865833333333      -0.167064373314417     
   5.10765958333333        6.30899125000000      -0.145413745155011     
   5.10765958333333        6.60932416666667      -0.125450176812552     
   5.10765958333333        6.90965708333333      -0.107875564194362     
   5.10765958333333        7.20999000000000      -9.243656722985567E-002
   5.40799250000000       2.000000000000000E-003 -0.352713759498440     
   5.40799250000000       0.302332916666667      -0.381381751008312     
   5.40799250000000       0.602665833333333      -0.408919696134724     
   5.40799250000000       0.902998750000000      -0.434426074442956     
   5.40799250000000        1.20333166666667      -0.455163068311901     
   5.40799250000000        1.50366458333333      -0.468320591457490     
   5.40799250000000        1.80399750000000      -0.472024315767680     
   5.40799250000000        2.10433041666667      -0.466272068897529     
   5.40799250000000        2.40466333333333      -0.452838815671635     
   5.40799250000000        2.70499625000000      -0.434085446073247     
   5.40799250000000        3.00532916666667      -0.411683628239935     
   5.40799250000000        3.30566208333333      -0.386268348508229     
   5.40799250000000        3.60599500000000      -0.358135390939212     
   5.40799250000000        3.90632791666667      -0.328170333571486     
   5.40799250000000        4.20666083333333      -0.298102305608252     
   5.40799250000000        4.50699375000000      -0.269873477448266     
   5.40799250000000        4.80732666666667      -0.244647898581976     
   5.40799250000000        5.10765958333333      -0.222260392118106     
   5.40799250000000        5.40799250000000      -0.201560653139065     
   5.40799250000000        5.70832541666667      -0.181378306062024     
   5.40799250000000        6.00865833333333      -0.161348813809423     
   5.40799250000000        6.30899125000000      -0.142000386015955     
   5.40799250000000        6.60932416666667      -0.124139905450509     
   5.40799250000000        6.90965708333333      -0.108197966684172     
   5.40799250000000        7.20999000000000      -9.411033477714360E-002
   5.70832541666667       2.000000000000000E-003 -0.327281256963207     
   5.70832541666667       0.302332916666667      -0.350842473078020     
   5.70832541666667       0.602665833333333      -0.371878850242617     
   5.70832541666667       0.902998750000000      -0.390539122531525     
   5.70832541666667        1.20333166666667      -0.405264438894457     
   5.70832541666667        1.50366458333333      -0.414379851366113     
   5.70832541666667        1.80399750000000      -0.417670010716053     
   5.70832541666667        2.10433041666667      -0.414980581832269     
   5.70832541666667        2.40466333333333      -0.406695556884598     
   5.70832541666667        2.70499625000000      -0.393477703447569     
   5.70832541666667        3.00532916666667      -0.375811811646242     
   5.70832541666667        3.30566208333333      -0.354077262852218     
   5.70832541666667        3.60599500000000      -0.329070591214624     
   5.70832541666667        3.90632791666667      -0.302329089448357     
   5.70832541666667        4.20666083333333      -0.275809459065057     
   5.70832541666667        4.50699375000000      -0.251161419125179     
   5.70832541666667        4.80732666666667      -0.229108330296252     
   5.70832541666667        5.10765958333333      -0.209305697753270     
   5.70832541666667        5.40799250000000      -0.190804837103795     
   5.70832541666667        5.70832541666667      -0.172819870327243     
   5.70832541666667        6.00865833333333      -0.155219497743085     
   5.70832541666667        6.30899125000000      -0.138261596729271     
   5.70832541666667        6.60932416666667      -0.122417822682261     
   5.70832541666667        6.90965708333333      -0.107940041273997     
   5.70832541666667        7.20999000000000      -9.473707774293408E-002
   6.00865833333333       2.000000000000000E-003 -0.313793677188468     
   6.00865833333333       0.302332916666667      -0.331036165843779     
   6.00865833333333       0.602665833333333      -0.344449353939511     
   6.00865833333333       0.902998750000000      -0.356405493325751     
   6.00865833333333        1.20333166666667      -0.366005679612793     
   6.00865833333333        1.50366458333333      -0.371014193556547     
   6.00865833333333        1.80399750000000      -0.372316050656865     
   6.00865833333333        2.10433041666667      -0.370400843661321     
   6.00865833333333        2.40466333333333      -0.364666598958568     
   6.00865833333333        2.70499625000000      -0.354678880161487     
   6.00865833333333        3.00532916666667      -0.340164714885040     
   6.00865833333333        3.30566208333333      -0.321272857503798     
   6.00865833333333        3.60599500000000      -0.299185372293621     
   6.00865833333333        3.90632791666667      -0.275949994969347     
   6.00865833333333        4.20666083333333      -0.253400852803319     
   6.00865833333333        4.50699375000000      -0.232514579416330     
   6.00865833333333        4.80732666666667      -0.213524604930072     
   6.00865833333333        5.10765958333333      -0.196094043058757     
   6.00865833333333        5.40799250000000      -0.179658544013960     
   6.00865833333333        5.70832541666667      -0.163905718450770     
   6.00865833333333        6.00865833333333      -0.148640265762402     
   6.00865833333333        6.30899125000000      -0.133928475518204     
   6.00865833333333        6.60932416666667      -0.119923343893414     
   6.00865833333333        6.90965708333333      -0.106761619430828     
   6.00865833333333        7.20999000000000      -9.380879387323730E-002
   6.30899125000000       2.000000000000000E-003 -0.309064794577367     
   6.30899125000000       0.302332916666667      -0.316821987539674     
   6.30899125000000       0.602665833333333      -0.320204977888993     
   6.30899125000000       0.902998750000000      -0.326744221511448     
   6.30899125000000        1.20333166666667      -0.331844913752952     
   6.30899125000000        1.50366458333333      -0.333756665671468     
   6.30899125000000        1.80399750000000      -0.332897903487798     
   6.30899125000000        2.10433041666667      -0.330454365248714     
   6.30899125000000        2.40466333333333      -0.325872448539746     
   6.30899125000000        2.70499625000000      -0.318166875725277     
   6.30899125000000        3.00532916666667      -0.306100207974858     
   6.30899125000000        3.30566208333333      -0.289147874929259     
   6.30899125000000        3.60599500000000      -0.269525494841821     
   6.30899125000000        3.90632791666667      -0.250388698118552     
   6.30899125000000        4.20666083333333      -0.232330391660249     
   6.30899125000000        4.50699375000000      -0.215025798236316     
   6.30899125000000        4.80732666666667      -0.198604673298689     
   6.30899125000000        5.10765958333333      -0.183055888330036     
   6.30899125000000        5.40799250000000      -0.168386883033319     
   6.30899125000000        5.70832541666667      -0.154647861486670     
   6.30899125000000        6.00865833333333      -0.141553402110696     
   6.30899125000000        6.30899125000000      -0.128888371576795     
   6.30899125000000        6.60932416666667      -0.116493305693335     
   6.30899125000000        6.90965708333333      -0.104385086925254     
   6.30899125000000        7.20999000000000      -9.218125652181326E-002
   6.60932416666667       2.000000000000000E-003 -0.306659570933023     
   6.60932416666667       0.302332916666667      -0.296968329675584     
   6.60932416666667       0.602665833333333      -0.292304597307222     
   6.60932416666667       0.902998750000000      -0.298014003364894     
   6.60932416666667        1.20333166666667      -0.300695738902458     
   6.60932416666667        1.50366458333333      -0.299681113287461     
   6.60932416666667        1.80399750000000      -0.296944532529401     
   6.60932416666667        2.10433041666667      -0.293887326544499     
   6.60932416666667        2.40466333333333      -0.290256725471315     
   6.60932416666667        2.70499625000000      -0.284908430479037     
   6.60932416666667        3.00532916666667      -0.275363553891695     
   6.60932416666667        3.30566208333333      -0.260086434118730     
   6.60932416666667        3.60599500000000      -0.242836442502338     
   6.60932416666667        3.90632791666667      -0.228607421361926     
   6.60932416666667        4.20666083333333      -0.215037584254628     
   6.60932416666667        4.50699375000000      -0.200041940272755     
   6.60932416666667        4.80732666666667      -0.184840842414133     
   6.60932416666667        5.10765958333333      -0.170405642653400     
   6.60932416666667        5.40799250000000      -0.157079119794287     
   6.60932416666667        5.70832541666667      -0.145081421714418     
   6.60932416666667        6.00865833333333      -0.134035061020310     
   6.60932416666667        6.30899125000000      -0.123455609199168     
   6.60932416666667        6.60932416666667      -0.112655204948225     
   6.60932416666667        6.90965708333333      -0.101124993279656     
   6.60932416666667        7.20999000000000      -8.970367023649069E-002
   6.90965708333333       2.000000000000000E-003 -0.281654304711274     
   6.90965708333333       0.302332916666667      -0.263580489105411     
   6.90965708333333       0.602665833333333      -0.267559867030122     
   6.90965708333333       0.902998750000000      -0.273119987879380     
   6.90965708333333        1.20333166666667      -0.271785519989565     
   6.90965708333333        1.50366458333333      -0.267740637804048     
   6.90965708333333        1.80399750000000      -0.263534752712635     
   6.90965708333333        2.10433041666667      -0.260352335726648     
   6.90965708333333        2.40466333333333      -0.258004406747235     
   6.90965708333333        2.70499625000000      -0.255494092358131     
   6.90965708333333        3.00532916666667      -0.250042381470772     
   6.90965708333333        3.30566208333333      -0.238674611136828     
   6.90965708333333        3.60599500000000      -0.224678576518645     
   6.90965708333333        3.90632791666667      -0.214695408451377     
   6.90965708333333        4.20666083333333      -0.203169422910525     
   6.90965708333333        4.50699375000000      -0.187915556321211     
   6.90965708333333        4.80732666666667      -0.172188076812449     
   6.90965708333333        5.10765958333333      -0.158053637701258     
   6.90965708333333        5.40799250000000      -0.145767863519753     
   6.90965708333333        5.70832541666667      -0.135366171218942     
   6.90965708333333        6.00865833333333      -0.126391497512176     
   6.90965708333333        6.30899125000000      -0.118321975320849     
   6.90965708333333        6.60932416666667      -0.109891681958489     
   6.90965708333333        6.90965708333333      -9.941979384437953E-002
   6.90965708333333        7.20999000000000      -8.961799352182136E-002
   7.20999000000000       2.000000000000000E-003 -0.238492435142137     
   7.20999000000000       0.302332916666667      -0.254568752506000     
   7.20999000000000       0.602665833333333      -0.256517145141585     
   7.20999000000000       0.902998750000000      -0.250759451416774     
   7.20999000000000        1.20333166666667      -0.243952807006934     
   7.20999000000000        1.50366458333333      -0.237800130761012     
   7.20999000000000        1.80399750000000      -0.232740935765749     
   7.20999000000000        2.10433041666667      -0.229820738544746     
   7.20999000000000        2.40466333333333      -0.228628122753556     
   7.20999000000000        2.70499625000000      -0.228803756390539     
   7.20999000000000        3.00532916666667      -0.227994333956499     
   7.20999000000000        3.30566208333333      -0.221818239285100     
   7.20999000000000        3.60599500000000      -0.211429801100697     
   7.20999000000000        3.90632791666667      -0.202900309257599     
   7.20999000000000        4.20666083333333      -0.191571778297772     
   7.20999000000000        4.50699375000000      -0.175493397521361     
   7.20999000000000        4.80732666666667      -0.159398451360310     
   7.20999000000000        5.10765958333333      -0.145628763175699     
   7.20999000000000        5.40799250000000      -0.134445469681109     
   7.20999000000000        5.70832541666667      -0.125372335727379     
   7.20999000000000        6.00865833333333      -0.118247926598652     
   7.20999000000000        6.30899125000000      -0.112672515347808     
   7.20999000000000        6.60932416666667      -0.107475261232739     
   7.20999000000000        6.90965708333333      -9.914166960272436E-002
   7.20999000000000        7.20999000000000      -8.842708189618412E-002
