  2.000000000000000E-003  2.000000000000000E-003  -3.57331956418360     
  2.000000000000000E-003  0.302332916666667       -3.38273822592434     
  2.000000000000000E-003  0.602665833333333       -2.78774859943616     
  2.000000000000000E-003  0.902998750000000       -1.99904536568136     
  2.000000000000000E-003   1.20333166666667       -1.42275721985663     
  2.000000000000000E-003   1.50366458333333       -1.04521461932986     
  2.000000000000000E-003   1.80399750000000      -0.798429343505230     
  2.000000000000000E-003   2.10433041666667      -0.638528412897032     
  2.000000000000000E-003   2.40466333333333      -0.531626272375210     
  2.000000000000000E-003   2.70499625000000      -0.461867551251127     
  2.000000000000000E-003   3.00532916666667      -0.411291645252182     
  2.000000000000000E-003   3.30566208333333      -0.356094719551160     
  2.000000000000000E-003   3.60599500000000      -0.302144473178741     
  2.000000000000000E-003   3.90632791666667      -0.256607129741190     
  2.000000000000000E-003   4.20666083333333      -0.216661199054848     
  2.000000000000000E-003   4.50699375000000      -0.183734560812051     
  2.000000000000000E-003   4.80732666666667      -0.151855760469816     
  2.000000000000000E-003   5.10765958333333      -0.117972718884452     
  2.000000000000000E-003   5.40799250000000      -8.054666994997017E-002
  2.000000000000000E-003   5.70832541666667      -3.098708816299712E-002
  2.000000000000000E-003   6.00865833333333       3.346880311231379E-002
  2.000000000000000E-003   6.30899125000000       0.117787276074668     
  2.000000000000000E-003   6.60932416666667       0.224945563705366     
  2.000000000000000E-003   6.90965708333333       0.295631767825445     
  2.000000000000000E-003   7.20999000000000       0.315558678881899     
  0.302332916666667       2.000000000000000E-003  -3.38257619564964     
  0.302332916666667       0.302332916666667       -3.03348733118690     
  0.302332916666667       0.602665833333333       -2.46771821434464     
  0.302332916666667       0.902998750000000       -1.83479696527366     
  0.302332916666667        1.20333166666667       -1.34321145029238     
  0.302332916666667        1.50366458333333       -1.00673978172410     
  0.302332916666667        1.80399750000000      -0.780414396151445     
  0.302332916666667        2.10433041666667      -0.628473963672210     
  0.302332916666667        2.40466333333333      -0.524808689938114     
  0.302332916666667        2.70499625000000      -0.455378021516786     
  0.302332916666667        3.00532916666667      -0.404011245443088     
  0.302332916666667        3.30566208333333      -0.350467076900001     
  0.302332916666667        3.60599500000000      -0.293589717333177     
  0.302332916666667        3.90632791666667      -0.249216114825401     
  0.302332916666667        4.20666083333333      -0.213111559565419     
  0.302332916666667        4.50699375000000      -0.181842683670683     
  0.302332916666667        4.80732666666667      -0.150973698683872     
  0.302332916666667        5.10765958333333      -0.118275964312500     
  0.302332916666667        5.40799250000000      -8.223656094670674E-002
  0.302332916666667        5.70832541666667      -3.843711618928777E-002
  0.302332916666667        6.00865833333333       1.746078788123097E-002
  0.302332916666667        6.30899125000000       8.933069939941962E-002
  0.302332916666667        6.60932416666667       0.172532834168258     
  0.302332916666667        6.90965708333333       0.244941891463012     
  0.302332916666667        7.20999000000000       0.300427812523468     
  0.602665833333333       2.000000000000000E-003  -2.78738820057614     
  0.602665833333333       0.302332916666667       -2.46772385561427     
  0.602665833333333       0.602665833333333       -1.96826093455875     
  0.602665833333333       0.902998750000000       -1.52713542337043     
  0.602665833333333        1.20333166666667       -1.17917456705200     
  0.602665833333333        1.50366458333333      -0.920127904379627     
  0.602665833333333        1.80399750000000      -0.733336686728901     
  0.602665833333333        2.10433041666667      -0.600902607446375     
  0.602665833333333        2.40466333333333      -0.505973683304081     
  0.602665833333333        2.70499625000000      -0.438302817017532     
  0.602665833333333        3.00532916666667      -0.386183124153514     
  0.602665833333333        3.30566208333333      -0.335911115749193     
  0.602665833333333        3.60599500000000      -0.284720098983832     
  0.602665833333333        3.90632791666667      -0.241370175335470     
  0.602665833333333        4.20666083333333      -0.207354326126715     
  0.602665833333333        4.50699375000000      -0.178066055703705     
  0.602665833333333        4.80732666666667      -0.149221767975576     
  0.602665833333333        5.10765958333333      -0.119190143662151     
  0.602665833333333        5.40799250000000      -8.638110453868780E-002
  0.602665833333333        5.70832541666667      -4.824308154081369E-002
  0.602665833333333        6.00865833333333      -2.882824208677466E-003
  0.602665833333333        6.30899125000000       5.019065331821961E-002
  0.602665833333333        6.60932416666667       0.112564639383278     
  0.602665833333333        6.90965708333333       0.178993133495295     
  0.602665833333333        7.20999000000000       0.238199423329465     
  0.902998750000000       2.000000000000000E-003  -1.99866872504367     
  0.902998750000000       0.302332916666667       -1.83481176565415     
  0.902998750000000       0.602665833333333       -1.52714440874298     
  0.902998750000000       0.902998750000000       -1.23786457500411     
  0.902998750000000        1.20333166666667       -1.00193000774758     
  0.902998750000000        1.50366458333333      -0.815084491068187     
  0.902998750000000        1.80399750000000      -0.671184534936206     
  0.902998750000000        2.10433041666667      -0.561845190378189     
  0.902998750000000        2.40466333333333      -0.478968953487649     
  0.902998750000000        2.70499625000000      -0.415931916642708     
  0.902998750000000        3.00532916666667      -0.365314117446814     
  0.902998750000000        3.30566208333333      -0.318980037857119     
  0.902998750000000        3.60599500000000      -0.274387004833250     
  0.902998750000000        3.90632791666667      -0.234938741775567     
  0.902998750000000        4.20666083333333      -0.202408134958265     
  0.902998750000000        4.50699375000000      -0.174436727375201     
  0.902998750000000        4.80732666666667      -0.147681675636388     
  0.902998750000000        5.10765958333333      -0.120381963922371     
  0.902998750000000        5.40799250000000      -9.121851473859473E-002
  0.902998750000000        5.70832541666667      -5.903563768677991E-002
  0.902998750000000        6.00865833333333      -2.320701106315215E-002
  0.902998750000000        6.30899125000000       1.615297148869446E-002
  0.902998750000000        6.60932416666667       6.065018671818556E-002
  0.902998750000000        6.90965708333333       0.107410643404178     
  0.902998750000000        7.20999000000000       0.143050395688435     
   1.20333166666667       2.000000000000000E-003  -1.42225971804110     
   1.20333166666667       0.302332916666667       -1.34322586190038     
   1.20333166666667       0.602665833333333       -1.17917729058448     
   1.20333166666667       0.902998750000000       -1.00193336446773     
   1.20333166666667        1.20333166666667      -0.844177221134849     
   1.20333166666667        1.50366458333333      -0.712749505112822     
   1.20333166666667        1.80399750000000      -0.604875897622695     
   1.20333166666667        2.10433041666667      -0.517380244325146     
   1.20333166666667        2.40466333333333      -0.447640150493461     
   1.20333166666667        2.70499625000000      -0.391604687479513     
   1.20333166666667        3.00532916666667      -0.344573416829415     
   1.20333166666667        3.30566208333333      -0.302379552928228     
   1.20333166666667        3.60599500000000      -0.263156756504318     
   1.20333166666667        3.90632791666667      -0.227963721750797     
   1.20333166666667        4.20666083333333      -0.197684792628131     
   1.20333166666667        4.50699375000000      -0.171040918516309     
   1.20333166666667        4.80732666666667      -0.146129748065993     
   1.20333166666667        5.10765958333333      -0.121319140138700     
   1.20333166666667        5.40799250000000      -9.548539554051413E-002
   1.20333166666667        5.70832541666667      -6.822517351803234E-002
   1.20333166666667        6.00865833333333      -3.986617248605039E-002
   1.20333166666667        6.30899125000000      -9.042655019672783E-003
   1.20333166666667        6.60932416666667       2.239027933838595E-002
   1.20333166666667        6.90965708333333       5.150561185067022E-002
   1.20333166666667        7.20999000000000       7.486343770858128E-002
   1.50366458333333       2.000000000000000E-003  -1.04487214826737     
   1.50366458333333       0.302332916666667       -1.00674619555029     
   1.50366458333333       0.602665833333333      -0.920129900910833     
   1.50366458333333       0.902998750000000      -0.815085927008678     
   1.50366458333333        1.20333166666667      -0.712750070352835     
   1.50366458333333        1.50366458333333      -0.620842657063344     
   1.50366458333333        1.80399750000000      -0.540353500543551     
   1.50366458333333        2.10433041666667      -0.471936286472626     
   1.50366458333333        2.40466333333333      -0.414720669281939     
   1.50366458333333        2.70499625000000      -0.366430013420983     
   1.50366458333333        3.00532916666667      -0.324323284209820     
   1.50366458333333        3.30566208333333      -0.286231628468816     
   1.50366458333333        3.60599500000000      -0.251289468952866     
   1.50366458333333        3.90632791666667      -0.219763769819282     
   1.50366458333333        4.20666083333333      -0.191905779616258     
   1.50366458333333        4.50699375000000      -0.167103864384295     
   1.50366458333333        4.80732666666667      -0.144083633599955     
   1.50366458333333        5.10765958333333      -0.121524081264190     
   1.50366458333333        5.40799250000000      -9.857143633705846E-002
   1.50366458333333        5.70832541666667      -7.507765234179459E-002
   1.50366458333333        6.00865833333333      -5.132878006012956E-002
   1.50366458333333        6.30899125000000      -2.770323349124427E-002
   1.50366458333333        6.60932416666667      -5.100610630834206E-003
   1.50366458333333        6.90965708333333       1.430705259199275E-002
   1.50366458333333        7.20999000000000       2.950613394081213E-002
   1.80399750000000       2.000000000000000E-003 -0.798411575751078     
   1.80399750000000       0.302332916666667      -0.780416464860764     
   1.80399750000000       0.602665833333333      -0.733338001675654     
   1.80399750000000       0.902998750000000      -0.671184788766784     
   1.80399750000000        1.20333166666667      -0.604876002416894     
   1.80399750000000        1.50366458333333      -0.540353497921054     
   1.80399750000000        1.80399750000000      -0.480992744679543     
   1.80399750000000        2.10433041666667      -0.428200803172745     
   1.80399750000000        2.40466333333333      -0.381869505172383     
   1.80399750000000        2.70499625000000      -0.340895421012382     
   1.80399750000000        3.00532916666667      -0.303903655859521     
   1.80399750000000        3.30566208333333      -0.269924822989269     
   1.80399750000000        3.60599500000000      -0.238697587162415     
   1.80399750000000        3.90632791666667      -0.210421246907612     
   1.80399750000000        4.20666083333333      -0.185158261813923     
   1.80399750000000        4.50699375000000      -0.162419227026078     
   1.80399750000000        4.80732666666667      -0.141257264191735     
   1.80399750000000        5.10765958333333      -0.120706400831364     
   1.80399750000000        5.40799250000000      -0.100204987872390     
   1.80399750000000        5.70832541666667      -7.974968207891919E-002
   1.80399750000000        6.00865833333333      -5.974732033844868E-002
   1.80399750000000        6.30899125000000      -4.079447558593847E-002
   1.80399750000000        6.60932416666667      -2.359121093375616E-002
   1.80399750000000        6.90965708333333      -9.267767782726779E-003
   1.80399750000000        7.20999000000000       6.077136946240037E-004
   2.10433041666667       2.000000000000000E-003 -0.638528962531459     
   2.10433041666667       0.302332916666667      -0.628474372825752     
   2.10433041666667       0.602665833333333      -0.600902813307994     
   2.10433041666667       0.902998750000000      -0.561845130399591     
   2.10433041666667        1.20333166666667      -0.517380136516792     
   2.10433041666667        1.50366458333333      -0.471936199404047     
   2.10433041666667        1.80399750000000      -0.428200760576774     
   2.10433041666667        2.10433041666667      -0.387457699031216     
   2.10433041666667        2.40466333333333      -0.349957073536176     
   2.10433041666667        2.70499625000000      -0.315350203990960     
   2.10433041666667        3.00532916666667      -0.283171104541016     
   2.10433041666667        3.30566208333333      -0.253198887424831     
   2.10433041666667        3.60599500000000      -0.225532820173938     
   2.10433041666667        3.90632791666667      -0.200366577641072     
   2.10433041666667        4.20666083333333      -0.177654107313120     
   2.10433041666667        4.50699375000000      -0.156946512982853     
   2.10433041666667        4.80732666666667      -0.137535250924613     
   2.10433041666667        5.10765958333333      -0.118782405031373     
   2.10433041666667        5.40799250000000      -0.100396099342885     
   2.10433041666667        5.70832541666667      -8.248389129989903E-002
   2.10433041666667        6.00865833333333      -6.540408712264166E-002
   2.10433041666667        6.30899125000000      -4.958861777155980E-002
   2.10433041666667        6.60932416666667      -3.550742194586785E-002
   2.10433041666667        6.90965708333333      -2.378606079018422E-002
   2.10433041666667        7.20999000000000      -1.514040850404760E-002
   2.40466333333333       2.000000000000000E-003 -0.531625935504094     
   2.40466333333333       0.302332916666667      -0.524808415543208     
   2.40466333333333       0.602665833333333      -0.505973428037256     
   2.40466333333333       0.902998750000000      -0.478968695900216     
   2.40466333333333        1.20333166666667      -0.447639937033663     
   2.40466333333333        1.50366458333333      -0.414720528689616     
   2.40466333333333        1.80399750000000      -0.381869433022503     
   2.40466333333333        2.10433041666667      -0.349957048258642     
   2.40466333333333        2.40466333333333      -0.319330041013128     
   2.40466333333333        2.70499625000000      -0.290081432390677     
   2.40466333333333        3.00532916666667      -0.262293373746703     
   2.40466333333333        3.30566208333333      -0.236159226148981     
   2.40466333333333        3.60599500000000      -0.211931080441218     
   2.40466333333333        3.90632791666667      -0.189744484869792     
   2.40466333333333        4.20666083333333      -0.169465256932214     
   2.40466333333333        4.50699375000000      -0.150692196022223     
   2.40466333333333        4.80732666666667      -0.132934567132848     
   2.40466333333333        5.10765958333333      -0.115844735845935     
   2.40466333333333        5.40799250000000      -9.934909206647989E-002
   2.40466333333333        5.70832541666667      -8.360605342078065E-002
   2.40466333333333        6.00865833333333      -6.884873301128111E-002
   2.40466333333333        6.30899125000000      -5.525396565050276E-002
   2.40466333333333        6.60932416666667      -4.298240833127526E-002
   2.40466333333333        6.90965708333333      -3.244220619266447E-002
   2.40466333333333        7.20999000000000      -2.439892137310257E-002
   2.70499625000000       2.000000000000000E-003 -0.461866732489449     
   2.70499625000000       0.302332916666667      -0.455377416237879     
   2.70499625000000       0.602665833333333      -0.438302307395611     
   2.70499625000000       0.902998750000000      -0.415931485749155     
   2.70499625000000        1.20333166666667      -0.391604401354578     
   2.70499625000000        1.50366458333333      -0.366429846166442     
   2.70499625000000        1.80399750000000      -0.340895336050119     
   2.70499625000000        2.10433041666667      -0.315350165483919     
   2.70499625000000        2.40466333333333      -0.290081415186059     
   2.70499625000000        2.70499625000000      -0.265382136640793     
   2.70499625000000        3.00532916666667      -0.241595770125039     
   2.70499625000000        3.30566208333333      -0.219079985111112     
   2.70499625000000        3.60599500000000      -0.198095520772392     
   2.70499625000000        3.90632791666667      -0.178691981713815     
   2.70499625000000        4.20666083333333      -0.160682096705983     
   2.70499625000000        4.50699375000000      -0.143742520328588     
   2.70499625000000        4.80732666666667      -0.127588392258418     
   2.70499625000000        5.10765958333333      -0.112108634904874     
   2.70499625000000        5.40799250000000      -9.738046245712863E-002
   2.70499625000000        5.70832541666667      -8.356328495321531E-002
   2.70499625000000        6.00865833333333      -7.073877193095390E-002
   2.70499625000000        6.30899125000000      -5.877018148264478E-002
   2.70499625000000        6.60932416666667      -4.752024952216745E-002
   2.70499625000000        6.90965708333333      -3.741908274921146E-002
   2.70499625000000        7.20999000000000      -2.957867602423582E-002
   3.00532916666667       2.000000000000000E-003 -0.411290575276698     
   3.00532916666667       0.302332916666667      -0.404010495780116     
   3.00532916666667       0.602665833333333      -0.386182540017873     
   3.00532916666667       0.902998750000000      -0.365313578174377     
   3.00532916666667        1.20333166666667      -0.344573061727702     
   3.00532916666667        1.50366458333333      -0.324323095335151     
   3.00532916666667        1.80399750000000      -0.303903559047644     
   3.00532916666667        2.10433041666667      -0.283171047808565     
   3.00532916666667        2.40466333333333      -0.262293331924665     
   3.00532916666667        2.70499625000000      -0.241595742941313     
   3.00532916666667        3.00532916666667      -0.221478620523920     
   3.00532916666667        3.30566208333333      -0.202304932080391     
   3.00532916666667        3.60599500000000      -0.184281502718736     
   3.00532916666667        3.90632791666667      -0.167396239043657     
   3.00532916666667        4.20666083333333      -0.151464279547372     
   3.00532916666667        4.50699375000000      -0.136269200216777     
   3.00532916666667        4.80732666666667      -0.121705698726258     
   3.00532916666667        5.10765958333333      -0.107829697084957     
   3.00532916666667        5.40799250000000      -9.479997001295495E-002
   3.00532916666667        5.70832541666667      -8.275721311569295E-002
   3.00532916666667        6.00865833333333      -7.168996877819704E-002
   3.00532916666667        6.30899125000000      -6.133443787616830E-002
   3.00532916666667        6.60932416666667      -5.128946106847778E-002
   3.00532916666667        6.90965708333333      -4.129293480386810E-002
   3.00532916666667        7.20999000000000      -3.319120140779072E-002
   3.30566208333333       2.000000000000000E-003 -0.356093577851891     
   3.30566208333333       0.302332916666667      -0.350466199999014     
   3.30566208333333       0.602665833333333      -0.335910430021012     
   3.30566208333333       0.902998750000000      -0.318979433788117     
   3.30566208333333        1.20333166666667      -0.302379145512444     
   3.30566208333333        1.50366458333333      -0.286231416455059     
   3.30566208333333        1.80399750000000      -0.269924702553636     
   3.30566208333333        2.10433041666667      -0.253198800579193     
   3.30566208333333        2.40466333333333      -0.236159148790976     
   3.30566208333333        2.70499625000000      -0.219079920044195     
   3.30566208333333        3.00532916666667      -0.202304895180459     
   3.30566208333333        3.30566208333333      -0.186133207242288     
   3.30566208333333        3.60599500000000      -0.170722727103011     
   3.30566208333333        3.90632791666667      -0.156058068404827     
   3.30566208333333        4.20666083333333      -0.142011723853199     
   3.30566208333333        4.50699375000000      -0.128484324349680     
   3.30566208333333        4.80732666666667      -0.115503587327372     
   3.30566208333333        5.10765958333333      -0.103214958060767     
   3.30566208333333        5.40799250000000      -9.179880327748866E-002
   3.30566208333333        5.70832541666667      -8.138623130390450E-002
   3.30566208333333        6.00865833333333      -7.202995311467093E-002
   3.30566208333333        6.30899125000000      -6.367153071360830E-002
   3.30566208333333        6.60932416666667      -5.556268126545741E-002
   3.30566208333333        6.90965708333333      -4.651017049303207E-002
   3.30566208333333        7.20999000000000      -3.836264878837203E-002
   3.60599500000000       2.000000000000000E-003 -0.302143451974203     
   3.60599500000000       0.302332916666667      -0.293588904652252     
   3.60599500000000       0.602665833333333      -0.284719413242964     
   3.60599500000000       0.902998750000000      -0.274386405414982     
   3.60599500000000        1.20333166666667      -0.263156372863796     
   3.60599500000000        1.50366458333333      -0.251289242942938     
   3.60599500000000        1.80399750000000      -0.238697438301245     
   3.60599500000000        2.10433041666667      -0.225532698719683     
   3.60599500000000        2.40466333333333      -0.211930966543901     
   3.60599500000000        2.70499625000000      -0.198095420541503     
   3.60599500000000        3.00532916666667      -0.184281431226464     
   3.60599500000000        3.30566208333333      -0.170722692192825     
   3.60599500000000        3.60599500000000      -0.157564341151201     
   3.60599500000000        3.90632791666667      -0.144839370001959     
   3.60599500000000        4.20666083333333      -0.132509936087328     
   3.60599500000000        4.50699375000000      -0.120578316182379     
   3.60599500000000        4.80732666666667      -0.109144602215982     
   3.60599500000000        5.10765958333333      -9.837058033756604E-002
   3.60599500000000        5.40799250000000      -8.841023742799468E-002
   3.60599500000000        5.70832541666667      -7.938407515328995E-002
   3.60599500000000        6.00865833333333      -7.147699390072065E-002
   3.60599500000000        6.30899125000000      -6.481068135575363E-002
   3.60599500000000        6.60932416666667      -5.862380932607313E-002
   3.60599500000000        6.90965708333333      -5.127629653024958E-002
   3.60599500000000        7.20999000000000      -4.441406159993740E-002
   3.90632791666667       2.000000000000000E-003 -0.256605642190943     
   3.90632791666667       0.302332916666667      -0.249215235646397     
   3.90632791666667       0.602665833333333      -0.241369582142445     
   3.90632791666667       0.902998750000000      -0.234938274171485     
   3.90632791666667        1.20333166666667      -0.227963417888491     
   3.90632791666667        1.50366458333333      -0.219763545933943     
   3.90632791666667        1.80399750000000      -0.210421080190913     
   3.90632791666667        2.10433041666667      -0.200366434504592     
   3.90632791666667        2.40466333333333      -0.189744350053299     
   3.90632791666667        2.70499625000000      -0.178691860974810     
   3.90632791666667        3.00532916666667      -0.167396144479534     
   3.90632791666667        3.30566208333333      -0.156058006521551     
   3.90632791666667        3.60599500000000      -0.144839339991343     
   3.90632791666667        3.90632791666667      -0.133835427512617     
   3.90632791666667        4.20666083333333      -0.123094896309754     
   3.90632791666667        4.50699375000000      -0.112684386429302     
   3.90632791666667        4.80732666666667      -0.102715997617566     
   3.90632791666667        5.10765958333333      -9.331475189637013E-002
   3.90632791666667        5.40799250000000      -8.457811719997435E-002
   3.90632791666667        5.70832541666667      -7.658716225206623E-002
   3.90632791666667        6.00865833333333      -6.951733031229163E-002
   3.90632791666667        6.30899125000000      -6.346365619189780E-002
   3.90632791666667        6.60932416666667      -5.753552545809080E-002
   3.90632791666667        6.90965708333333      -4.996043760477122E-002
   3.90632791666667        7.20999000000000      -4.199892472815404E-002
   4.20666083333333       2.000000000000000E-003 -0.216659660561116     
   4.20666083333333       0.302332916666667      -0.213110685003596     
   4.20666083333333       0.602665833333333      -0.207353845608107     
   4.20666083333333       0.902998750000000      -0.202407810499552     
   4.20666083333333        1.20333166666667      -0.197684522279556     
   4.20666083333333        1.50366458333333      -0.191905567268934     
   4.20666083333333        1.80399750000000      -0.185158100043058     
   4.20666083333333        2.10433041666667      -0.177653967839307     
   4.20666083333333        2.40466333333333      -0.169465125408760     
   4.20666083333333        2.70499625000000      -0.160681973743183     
   4.20666083333333        3.00532916666667      -0.151464173170222     
   4.20666083333333        3.30566208333333      -0.142011638732317     
   4.20666083333333        3.60599500000000      -0.132509873663721     
   4.20666083333333        3.90632791666667      -0.123094857971713     
   4.20666083333333        4.20666083333333      -0.113859327226876     
   4.20666083333333        4.50699375000000      -0.104884662047393     
   4.20666083333333        4.80732666666667      -9.625413682965631E-002
   4.20666083333333        5.10765958333333      -8.803716331199393E-002
   4.20666083333333        5.40799250000000      -8.027547761930184E-002
   4.20666083333333        5.70832541666667      -7.300205034428185E-002
   4.20666083333333        6.00865833333333      -6.628342248571363E-002
   4.20666083333333        6.30899125000000      -6.011290392516885E-002
   4.20666083333333        6.60932416666667      -5.381532245432638E-002
   4.20666083333333        6.90965708333333      -4.663171356097071E-002
   4.20666083333333        7.20999000000000      -3.998120416266458E-002
   4.50699375000000       2.000000000000000E-003 -0.183733431465135     
   4.50699375000000       0.302332916666667      -0.181842061454324     
   4.50699375000000       0.602665833333333      -0.178065656492091     
   4.50699375000000       0.902998750000000      -0.174436364104746     
   4.50699375000000        1.20333166666667      -0.171040635878086     
   4.50699375000000        1.50366458333333      -0.167103676340006     
   4.50699375000000        1.80399750000000      -0.162419088981860     
   4.50699375000000        2.10433041666667      -0.156946396666639     
   4.50699375000000        2.40466333333333      -0.150692086047648     
   4.50699375000000        2.70499625000000      -0.143742409520483     
   4.50699375000000        3.00532916666667      -0.136269086988898     
   4.50699375000000        3.30566208333333      -0.128484211051247     
   4.50699375000000        3.60599500000000      -0.120578206926249     
   4.50699375000000        3.90632791666667      -0.112684291671488     
   4.50699375000000        4.20666083333333      -0.104884601156312     
   4.50699375000000        4.50699375000000      -9.723532376003516E-002
   4.50699375000000        4.80732666666667      -8.978088385918422E-002
   4.50699375000000        5.10765958333333      -8.255220475197549E-002
   4.50699375000000        5.40799250000000      -7.556656556109795E-002
   4.50699375000000        5.70832541666667      -6.884210690253373E-002
   4.50699375000000        6.00865833333333      -6.240436041132979E-002
   4.50699375000000        6.30899125000000      -5.620858222088475E-002
   4.50699375000000        6.60932416666667      -5.000212859236439E-002
   4.50699375000000        6.90965708333333      -4.374404421946280E-002
   4.50699375000000        7.20999000000000      -3.832235580855320E-002
   4.80732666666667       2.000000000000000E-003 -0.151855168272803     
   4.80732666666667       0.302332916666667      -0.150973728079761     
   4.80732666666667       0.602665833333333      -0.149221450441340     
   4.80732666666667       0.902998750000000      -0.147681088139337     
   4.80732666666667        1.20333166666667      -0.146129481449951     
   4.80732666666667        1.50366458333333      -0.144083494494443     
   4.80732666666667        1.80399750000000      -0.141257139500188     
   4.80732666666667        2.10433041666667      -0.137535155974327     
   4.80732666666667        2.40466333333333      -0.132934487978339     
   4.80732666666667        2.70499625000000      -0.127588299601241     
   4.80732666666667        3.00532916666667      -0.121705578734071     
   4.80732666666667        3.30566208333333      -0.115503438140197     
   4.80732666666667        3.60599500000000      -0.109144434162524     
   4.80732666666667        3.90632791666667      -0.102715827251966     
   4.80732666666667        4.20666083333333      -9.625398942868747E-002
   4.80732666666667        4.50699375000000      -8.978079069645618E-002
   4.80732666666667        4.80732666666667      -8.332331298642484E-002
   4.80732666666667        5.10765958333333      -7.691366748381152E-002
   4.80732666666667        5.40799250000000      -7.058534306394253E-002
   4.80732666666667        5.70832541666667      -6.437745022433657E-002
   4.80732666666667        6.00865833333333      -5.833746117524095E-002
   4.80732666666667        6.30899125000000      -5.249828873034128E-002
   4.80732666666667        6.60932416666667      -4.685232984225091E-002
   4.80732666666667        6.90965708333333      -4.149091525687443E-002
   4.80732666666667        7.20999000000000      -3.692466469286350E-002
   5.10765958333333       2.000000000000000E-003 -0.117963462360470     
   5.10765958333333       0.302332916666667      -0.118279118276024     
   5.10765958333333       0.602665833333333      -0.119190322593547     
   5.10765958333333       0.902998750000000      -0.120380901992112     
   5.10765958333333        1.20333166666667      -0.121319434307931     
   5.10765958333333        1.50366458333333      -0.121523969186867     
   5.10765958333333        1.80399750000000      -0.120706150807218     
   5.10765958333333        2.10433041666667      -0.118782296420080     
   5.10765958333333        2.40466333333333      -0.115844694035634     
   5.10765958333333        2.70499625000000      -0.112108573421648     
   5.10765958333333        3.00532916666667      -0.107829578047588     
   5.10765958333333        3.30566208333333      -0.103214779155210     
   5.10765958333333        3.60599500000000      -9.837035427177862E-002
   5.10765958333333        3.90632791666667      -9.331450160025176E-002
   5.10765958333333        4.20666083333333      -8.803691576466932E-002
   5.10765958333333        4.50699375000000      -8.255199284996888E-002
   5.10765958333333        4.80732666666667      -7.691353374415727E-002
   5.10765958333333        5.10765958333333      -7.119764045075724E-002
   5.10765958333333        5.40799250000000      -6.547962949306110E-002
   5.10765958333333        5.70832541666667      -5.982548101949786E-002
   5.10765958333333        6.00865833333333      -5.429970546716452E-002
   5.10765958333333        6.30899125000000      -4.897762517969317E-002
   5.10765958333333        6.60932416666667      -4.395818601748656E-002
   5.10765958333333        6.90965708333333      -3.939103617246750E-002
   5.10765958333333        7.20999000000000      -3.547470675364950E-002
   5.40799250000000       2.000000000000000E-003 -8.057231469247866E-002
   5.40799250000000       0.302332916666667      -8.224490295230819E-002
   5.40799250000000       0.602665833333333      -8.638301484437948E-002
   5.40799250000000       0.902998750000000      -9.122514760815652E-002
   5.40799250000000        1.20333166666667      -9.548929144673908E-002
   5.40799250000000        1.50366458333333      -9.856950383426284E-002
   5.40799250000000        1.80399750000000      -0.100204024627378     
   5.40799250000000        2.10433041666667      -0.100395977872617     
   5.40799250000000        2.40466333333333      -9.934913131836727E-002
   5.40799250000000        2.70499625000000      -9.738046191221901E-002
   5.40799250000000        3.00532916666667      -9.479988040470667E-002
   5.40799250000000        3.30566208333333      -9.179862284003974E-002
   5.40799250000000        3.60599500000000      -8.840998156075790E-002
   5.40799250000000        3.90632791666667      -8.457780324373959E-002
   5.40799250000000        4.20666083333333      -8.027513040905741E-002
   5.40799250000000        4.50699375000000      -7.556621523531092E-002
   5.40799250000000        4.80732666666667      -7.058503197787803E-002
   5.40799250000000        5.10765958333333      -6.547941991423357E-002
   5.40799250000000        5.40799250000000      -6.036469723319335E-002
   5.40799250000000        5.70832541666667      -5.530840971855969E-002
   5.40799250000000        6.00865833333333      -5.035344957452766E-002
   5.40799250000000        6.30899125000000      -4.556351733804753E-002
   5.40799250000000        6.60932416666667      -4.106361459183018E-002
   5.40799250000000        6.90965708333333      -3.701243233968853E-002
   5.40799250000000        7.20999000000000      -3.352169422345265E-002
   5.70832541666667       2.000000000000000E-003 -3.407097102696805E-002
   5.70832541666667       0.302332916666667      -3.840151197743180E-002
   5.70832541666667       0.602665833333333      -4.823579934759786E-002
   5.70832541666667       0.902998750000000      -5.906531037267490E-002
   5.70832541666667        1.20333166666667      -6.821817180022210E-002
   5.70832541666667        1.50366458333333      -7.505229593444744E-002
   5.70832541666667        1.80399750000000      -7.974801700283377E-002
   5.70832541666667        2.10433041666667      -8.248414263781136E-002
   5.70832541666667        2.40466333333333      -8.360626521243573E-002
   5.70832541666667        2.70499625000000      -8.356338452150047E-002
   5.70832541666667        3.00532916666667      -8.275719421617839E-002
   5.70832541666667        3.30566208333333      -8.138610637452244E-002
   5.70832541666667        3.60599500000000      -7.938386231311741E-002
   5.70832541666667        3.90632791666667      -7.658681028366524E-002
   5.70832541666667        4.20666083333333      -7.300161237761776E-002
   5.70832541666667        4.50699375000000      -6.884159755491973E-002
   5.70832541666667        4.80732666666667      -6.437691937636789E-002
   5.70832541666667        5.10765958333333      -5.982496818828806E-002
   5.70832541666667        5.40799250000000      -5.530802138072900E-002
   5.70832541666667        5.70832541666667      -5.085112093697910E-002
   5.70832541666667        6.00865833333333      -4.643437482447500E-002
   5.70832541666667        6.30899125000000      -4.209847440523579E-002
   5.70832541666667        6.60932416666667      -3.797704270392434E-002
   5.70832541666667        6.90965708333333      -3.424603707404355E-002
   5.70832541666667        7.20999000000000      -3.119644485625754E-002
   6.00865833333333       2.000000000000000E-003  2.732075953313252E-002
   6.00865833333333       0.302332916666667       1.761482858944159E-002
   6.00865833333333       0.602665833333333      -2.895934676038098E-003
   6.00865833333333       0.902998750000000      -2.321311758561398E-002
   6.00865833333333        1.20333166666667      -3.936213650939804E-002
   6.00865833333333        1.50366458333333      -5.132219360326364E-002
   6.00865833333333        1.80399750000000      -5.975197596779907E-002
   6.00865833333333        2.10433041666667      -6.540511538726182E-002
   6.00865833333333        2.40466333333333      -6.884906047463409E-002
   6.00865833333333        2.70499625000000      -7.073894638497884E-002
   6.00865833333333        3.00532916666667      -7.169016917657314E-002
   6.00865833333333        3.30566208333333      -7.202999997375187E-002
   6.00865833333333        3.60599500000000      -7.147880472383517E-002
   6.00865833333333        3.90632791666667      -6.951675291955144E-002
   6.00865833333333        4.20666083333333      -6.628280687004333E-002
   6.00865833333333        4.50699375000000      -6.240366315342958E-002
   6.00865833333333        4.80732666666667      -5.833668702524197E-002
   6.00865833333333        5.10765958333333      -5.429881086401228E-002
   6.00865833333333        5.40799250000000      -5.035243239321347E-002
   6.00865833333333        5.70832541666667      -4.643360018866930E-002
   6.00865833333333        6.00865833333333      -4.243547922981027E-002
   6.00865833333333        6.30899125000000      -3.837502343456631E-002
   6.00865833333333        6.60932416666667      -3.432409918453064E-002
   6.00865833333333        6.90965708333333      -3.054870432774653E-002
   6.00865833333333        7.20999000000000      -2.760034825474783E-002
   6.30899125000000       2.000000000000000E-003  0.110920430332631     
   6.30899125000000       0.302332916666667       8.956584471898806E-002
   6.30899125000000       0.602665833333333       5.023091386859305E-002
   6.30899125000000       0.902998750000000       1.646722840676974E-002
   6.30899125000000        1.20333166666667      -9.049604500046101E-003
   6.30899125000000        1.50366458333333      -2.773392705336768E-002
   6.30899125000000        1.80399750000000      -4.080284206270113E-002
   6.30899125000000        2.10433041666667      -4.958879346097972E-002
   6.30899125000000        2.40466333333333      -5.525430028067333E-002
   6.30899125000000        2.70499625000000      -5.876504692320237E-002
   6.30899125000000        3.00532916666667      -6.133568350103188E-002
   6.30899125000000        3.30566208333333      -6.367173481176476E-002
   6.30899125000000        3.60599500000000      -6.481603817144649E-002
   6.30899125000000        3.90632791666667      -6.346288740835898E-002
   6.30899125000000        4.20666083333333      -6.011107599910642E-002
   6.30899125000000        4.50699375000000      -5.621160990125767E-002
   6.30899125000000        4.80732666666667      -5.249725698090400E-002
   6.30899125000000        5.10765958333333      -4.897637391754162E-002
   6.30899125000000        5.40799250000000      -4.556160720134569E-002
   6.30899125000000        5.70832541666667      -4.209694433977126E-002
   6.30899125000000        6.00865833333333      -3.837500362286696E-002
   6.30899125000000        6.30899125000000      -3.425808511346531E-002
   6.30899125000000        6.60932416666667      -2.975659013557071E-002
   6.30899125000000        6.90965708333333      -2.525208506843935E-002
   6.30899125000000        7.20999000000000      -2.184483277040396E-002
   6.60932416666667       2.000000000000000E-003  0.215707049104387     
   6.60932416666667       0.302332916666667       0.172640664039683     
   6.60932416666667       0.602665833333333       0.110379304017408     
   6.60932416666667       0.902998750000000       6.068421145195860E-002
   6.60932416666667        1.20333166666667       2.237569731173930E-002
   6.60932416666667        1.50366458333333      -5.095506969797789E-003
   6.60932416666667        1.80399750000000      -2.359553735010127E-002
   6.60932416666667        2.10433041666667      -3.550920957453078E-002
   6.60932416666667        2.40466333333333      -4.298329145620344E-002
   6.60932416666667        2.70499625000000      -4.752266702886934E-002
   6.60932416666667        3.00532916666667      -5.126554993999420E-002
   6.60932416666667        3.30566208333333      -5.556353173187786E-002
   6.60932416666667        3.60599500000000      -5.862842271411147E-002
   6.60932416666667        3.90632791666667      -5.753472654271451E-002
   6.60932416666667        4.20666083333333      -5.382782754130602E-002
   6.60932416666667        4.50699375000000      -4.999976322438490E-002
   6.60932416666667        4.80732666666667      -4.685117726382027E-002
   6.60932416666667        5.10765958333333      -4.395695354549482E-002
   6.60932416666667        5.40799250000000      -4.106128862548934E-002
   6.60932416666667        5.70832541666667      -3.797509297381624E-002
   6.60932416666667        6.00865833333333      -3.432313276634747E-002
   6.60932416666667        6.30899125000000      -2.975698852386515E-002
   6.60932416666667        6.60932416666667      -2.421752489196440E-002
   6.60932416666667        6.90965708333333      -1.833400361637389E-002
   6.60932416666667        7.20999000000000      -1.390530962698628E-002
   6.90965708333333       2.000000000000000E-003  0.292422589804851     
   6.90965708333333       0.302332916666667       0.242926007799734     
   6.90965708333333       0.602665833333333       0.179095002447472     
   6.90965708333333       0.902998750000000       0.107632875799713     
   6.90965708333333        1.20333166666667       5.165088373039680E-002
   6.90965708333333        1.50366458333333       1.433982363412701E-002
   6.90965708333333        1.80399750000000      -9.278423712753683E-003
   6.90965708333333        2.10433041666667      -2.379124002938245E-002
   6.90965708333333        2.40466333333333      -3.244478318077615E-002
   6.90965708333333        2.70499625000000      -3.742053152061879E-002
   6.90965708333333        3.00532916666667      -4.129409660481155E-002
   6.90965708333333        3.30566208333333      -4.649586832494817E-002
   6.90965708333333        3.60599500000000      -5.127864841438351E-002
   6.90965708333333        3.90632791666667      -4.996133759949700E-002
   6.90965708333333        4.20666083333333      -4.663045469550091E-002
   6.90965708333333        4.50699375000000      -4.374308306515576E-002
   6.90965708333333        4.80732666666667      -4.149000563100213E-002
   6.90965708333333        5.10765958333333      -3.939132733576170E-002
   6.90965708333333        5.40799250000000      -3.701275646878611E-002
   6.90965708333333        5.70832541666667      -3.424688138309270E-002
   6.90965708333333        6.00865833333333      -3.055009686165230E-002
   6.90965708333333        6.30899125000000      -2.525152820687752E-002
   6.90965708333333        6.60932416666667      -1.833265775108298E-002
   6.90965708333333        6.90965708333333      -1.215187730706844E-002
   6.90965708333333        7.20999000000000      -8.450826069177381E-003
   7.20999000000000       2.000000000000000E-003  0.315558435821131     
   7.20999000000000       0.302332916666667       0.297400699015740     
   7.20999000000000       0.602665833333333       0.229415234182394     
   7.20999000000000       0.902998750000000       0.136567369888473     
   7.20999000000000        1.20333166666667       6.908280500910395E-002
   7.20999000000000        1.50366458333333       2.655141952343543E-002
   7.20999000000000        1.80399750000000       5.758034609184130E-004
   7.20999000000000        2.10433041666667      -1.513368502357238E-002
   7.20999000000000        2.40466333333333      -2.439391307830895E-002
   7.20999000000000        2.70499625000000      -2.956860791983345E-002
   7.20999000000000        3.00532916666667      -3.318056345946584E-002
   7.20999000000000        3.30566208333333      -3.835800090289469E-002
   7.20999000000000        3.60599500000000      -4.441422884130380E-002
   7.20999000000000        3.90632791666667      -4.199311499825012E-002
   7.20999000000000        4.20666083333333      -3.996855041689808E-002
   7.20999000000000        4.50699375000000      -3.831029508832819E-002
   7.20999000000000        4.80732666666667      -3.691803574507495E-002
   7.20999000000000        5.10765958333333      -3.548005892227605E-002
   7.20999000000000        5.40799250000000      -3.356576193702276E-002
   7.20999000000000        5.70832541666667      -3.118230411830275E-002
   7.20999000000000        6.00865833333333      -2.753685521926713E-002
   7.20999000000000        6.30899125000000      -2.184887843587099E-002
   7.20999000000000        6.60932416666667      -1.397932208495906E-002
   7.20999000000000        6.90965708333333      -8.462183924354917E-003
   7.20999000000000        7.20999000000000      -5.198593919922695E-003
